# Data for gold - mf - polystyrene  phi = 0.10  D=10nm
#d (nm) Total(Drude)    Total(Plasma)	sum m>0 m=0(Drude)	m=0(Plasma)


2511.886431509582	3.8435337135114016e-12	-9.16813690310718e-12	8.835164352592458e-14	3.755182069985477e-12	-9.256488546633106e-12
2454.7089156850334	4.03775950456069e-12	-9.582538325827163e-12	1.0560115594992106e-13	3.932158348610769e-12	-9.688139481777085e-12
2398.832919019495	4.243271940741857e-12	-1.001401035471621e-11	1.257966784549729e-13	4.1174752622868835e-12	-1.0139807033171183e-11
2344.2288153199224	4.460892229349549e-12	-1.0463045071543257e-11	1.4936633631541332e-13	4.3115258930341355e-12	-1.061241140785867e-11
2290.867652767775	4.691510856907084e-12	-1.093012553624258e-11	1.7678900865049778e-13	4.514721848256587e-12	-1.1106914544893078e-11
2238.721138568342	4.936093048157691e-12	-1.1415723052637418e-11	2.08598914339195e-13	4.727494133818496e-12	-1.1624321966976612e-11
2187.7616239495565	5.195684551575192e-12	-1.192029422799841e-11	2.453904833105343e-13	4.9502940682646575e-12	-1.2165684711308945e-11
2137.9620895022326	5.471417766778807e-12	-1.2444277816173585e-11	2.8782352665187054e-13	5.183594240126936e-12	-1.2732101342825456e-11
2089.2961308540407	5.764518230942094e-12	-1.2988091332511034e-11	3.3662872059276884e-13	5.427889510349325e-12	-1.3324720053103803e-11
2041.7379446695315	6.076311483275493e-12	-1.3552127427024029e-11	3.9261342132273954e-13	5.683698061952753e-12	-1.3944740848346769e-11
1995.262314968883	6.408230328737634e-12	-1.4136750000384277e-11	4.566678295649427e-13	5.951562499172692e-12	-1.4593417829949218e-11
1949.8445997580454	6.7618225246187535e-12	-1.4742290045070715e-11	5.297715262275318e-13	6.232050998391222e-12	-1.5272061571298245e-11
1905.4607179632483	7.1387589161523105e-12	-1.5369041191709896e-11	6.130004028260538e-13	6.5257585133262575e-12	-1.598204159453595e-11
1862.0871366628694	7.540842050135643e-12	-1.6017254938073836e-11	7.075340131478184e-13	6.833308036987824e-12	-1.6724788951221657e-11
1819.7008586099826	7.970015298580781e-12	-1.668713553539439e-11	8.146633754245166e-13	7.155351923156265e-12	-1.7501798910818907e-11
1778.2794100389228	8.428372527449421e-12	-1.7378834503871517e-11	9.357992573608913e-13	7.492573270088532e-12	-1.831463376123241e-11
1737.8008287493763	8.918168349014716e-12	-1.8092444746061648e-11	1.0724809795416792e-12	7.845687369473038e-12	-1.9164925725603326e-11
1698.243652461746	9.441828999736436e-12	-1.8827994223696825e-11	1.2263857760801096e-12	8.215443223656325e-12	-2.0054379999776935e-11
1659.5869074375596	1.00019638892931e-11	-1.9585439160073e-11	1.3993387549102631e-12	8.602625134382836e-12	-2.0984777914983265e-11
1621.8100973589299	1.0601377870076022e-11	-2.0364656726728746e-11	1.5933235036834194e-12	9.008054366392603e-12	-2.1957980230412166e-11
1584.893192461114	1.1243084280417596e-11	-2.1165437169481132e-11	1.8104933909732246e-12	9.43259088944437e-12	-2.2975930560454357e-11
1548.8166189124827	1.1930318818907579e-11	-2.1987475325106657e-11	2.053183616484167e-12	9.877135202423413e-12	-2.4040658941590823e-11
1513.5612484362105	1.2666554311241722e-11	-2.2830361476172603e-11	2.3239240678286846e-12	1.0342630243413036e-11	-2.5154285544001288e-11
1479.1083881682102	1.3455516435411912e-11	-2.369357148749221e-11	2.6254530455979722e-12	1.0830063389813939e-11	-2.6319024533090183e-11
1445.439770745931	1.4301200475519011e-11	-2.4576456163519245e-11	2.9607319228434848e-12	1.1340468552675526e-11	-2.753718808636273e-11
1412.5375446227554	1.5207889179158132e-11	-2.5478229761671573e-11	3.332960809377299e-12	1.187492836978083e-11	-2.8811190571048873e-11
1380.3842646028866	1.6180171798009033e-11	-2.639795759226834e-11	3.745595295951641e-12	1.2434576502057395e-11	-3.014355288821998e-11
1348.9628825916561	1.7222964396427612e-11	-2.733454263089704e-11	4.202364358201349e-12	1.3020600038226261e-11	-3.1536906989098386e-11
1318.2567385564103	1.8341531517879987e-11	-2.8286711064402694e-11	4.7072895051007365e-12	1.3634242012779254e-11	-3.2994000569503424e-11
1288.249551693135	1.954150930468467e-11	-2.925299668640447e-11	5.264705262068873e-12	1.4276804042615797e-11	-3.451770194847334e-11
1258.9254117941687	2.082893017207561e-11	-3.0231724053115544e-11	5.8792810841236925e-12	1.4949649087951916e-11	-3.611100513723924e-11
1230.2687708123838	2.2210249143780642e-11	-3.1220990304382264e-11	6.5560448004440925e-12	1.565420434333655e-11	-3.7777035104826355e-11
1202.2644346174154	2.369237196242011e-11	-3.221864554923248e-11	7.300407697489689e-12	1.639196426493042e-11	-3.951905324672217e-11
1174.8975549395304	2.5282685094976252e-11	-3.322227170860558e-11	8.11819135453673e-12	1.7164493740439524e-11	-4.134046306314231e-11
1148.153621496884	2.698908776042272e-11	-3.4229159701556344e-11	9.015656351967144e-12	1.7973431408455573e-11	-4.324481605352349e-11
1122.0184543019652	2.8820026114264512e-11	-3.523628485394709e-11	9.999532980037327e-12	1.8820493134227186e-11	-4.523581783398442e-11
1096.4781961431852	3.0784529732512654e-11	-3.6240280401342556e-11	1.1077054083266502e-11	1.9707475649246148e-11	-4.731733448460906e-11
1071.519305237607	3.289225054622731e-11	-3.7237408949572604e-11	1.2255990183883362e-11	2.0636260362343952e-11	-4.949339913345596e-11
1047.1285480509007	3.515350438669178e-11	-3.822353174800217e-11	1.3544687036270819e-11	2.1608817350420958e-11	-5.176821878427299e-11
1023.2929922807556	3.757931531070203e-11	-3.919407562152104e-11	1.4952105773458764e-11	2.2627209537243263e-11	-5.41461813949798e-11
1000.	4.018146288569625e-11	-4.014399739750228e-11	1.6487865816519086e-11	2.3693597069177166e-11	-5.663186321402136e-11
977.2372209558112	4.2972532625254047e-11	-4.1067745653584784e-11	1.8162290728102423e-11	2.4810241897151626e-11	-5.92300363816872e-11
954.9925860214369	4.596596977709477e-11	-4.1959219601029043e-11	1.9986457202539067e-11	2.5979512574555705e-11	-6.194567680356811e-11
933.2543007969924	4.917613667746369e-11	-4.2811724907050476e-11	2.197224739619927e-11	2.7203889281264417e-11	-6.478397230324975e-11
912.0108393559096	5.2618373899474776e-11	-4.361792624632642e-11	2.4132404815047114e-11	2.848596908442766e-11	-6.775033106137353e-11
891.2509381337459	5.630906543623914e-11	-4.436979635905784e-11	2.6480593989040925e-11	2.982847144719821e-11	-7.085039034809877e-11
870.9635899560814	6.026570817462715e-11	-4.5058561378415136e-11	2.9031464177545165e-11	3.123424399708198e-11	-7.40900255559603e-11
851.1380382023759	6.450698593102712e-11	-4.567464217509479e-11	3.1800717364897075e-11	3.270626856613005e-11	-7.747535953999186e-11
831.7637711026708	6.905284833709978e-11	-4.620759145055632e-11	3.480518082128145e-11	3.424766751581833e-11	-8.101277227183777e-11
812.8305161640995	7.39245948811252e-11	-4.664602629329698e-11	3.8062884521156046e-11	3.586171035996915e-11	-8.470891081445303e-11
794.3282347242822	7.914496442946701e-11	-4.6977555894145555e-11	4.159314372960955e-11	3.755182069985746e-11	-8.85706996237551e-11
776.2471166286912	8.473823057225686e-11	-4.7188704097188936e-11	4.541664708614908e-11	3.932158348610777e-11	-9.260535118333802e-11
758.5775750291835	9.073030315907126e-11	-4.7264826441900906e-11	4.9555550536203364e-11	4.1174752622867895e-11	-9.682037697810427e-11
741.3102413009176	9.71488364119749e-11	-4.719002133069334e-11	5.403357748163487e-11	4.311525893034001e-11	-1.0122359881232822e-10
724.4359600749906	1.0402334402811875e-10	-4.69470349317148e-11	5.88761255455525e-11	4.514721848256626e-11	-1.058231604772673e-10
707.9457843841387	1.1138532170854143e-10	-4.6517159402668685e-11	6.411038037035421e-11	4.727494133818724e-11	-1.1062753977302288e-10
691.8309709189376	1.1926837757688194e-10	-4.588012399459998e-11	6.976543689423456e-11	4.950294068264737e-11	-1.1564556088883455e-10
676.0829753919833	1.2770837098020463e-10	-4.501397856651924e-11	7.587242857893594e-11	5.183594240126867e-11	-1.208864071454552e-10
660.6934480075964	1.3674356019434365e-10	-4.389496901176567e-11	8.246466509085677e-11	5.4278895103486894e-11	-1.2635963410262243e-10
645.6542290346563	1.4641475958760587e-10	-4.249740406586287e-11	8.957777896808088e-11	5.6836980619525007e-11	-1.3207518303394376e-10
630.9573444801943	1.5676550683137537e-10	-4.079351293109118e-11	9.724988183965362e-11	5.951562499172174e-11	-1.3804339477074482e-10
616.5950018614834	1.6784224078123028e-10	-3.8753293118206646e-11	1.0552173079730629e-10	6.2320509983924e-11	-1.4427502391551292e-10
602.5595860743581	1.796944906910824e-10	-3.634434786691848e-11	1.1443690555782558e-10	6.525758513325682e-11	-1.5078125342474408e-10
588.8436553555896	1.9237507746247837e-10	-3.353171246722583e-11	1.2404199709258046e-10	6.833308036989791e-11	-1.5757370955980629e-10
575.4399373371579	2.059403276742629e-10	-3.027766876073128e-11	1.3438680844268655e-10	7.155351923157636e-11	-1.646644772034178e-10
562.3413251903502	2.2045030118394355e-10	-2.6541547054910822e-11	1.4552456848305503e-10	7.49257327008885e-11	-1.7206611553796587e-10
549.5408738576248	2.3596903313848794e-10	-2.227951463687258e-11	1.575121594437558e-10	7.845687369473216e-11	-1.7979167408062837e-10
537.0317963702532	2.5256479128499204e-10	-1.74443500202489e-11	1.704103590484134e-10	8.215443223657859e-11	-1.8785470906866232e-10
524.8074602497734	2.7031034952487715e-10	-1.1985202005625847e-11	1.8428409818104374e-10	8.60262513438334e-11	-1.962693001866696e-10
512.8613839913648	2.8928327871210976e-10	-5.8473325776794385e-12	1.9920273504818007e-10	9.008054366392973e-11	-2.0505006762585948e-10
501.1872336272725	3.095662557587896e-10	1.0281574009974486e-12	2.1524034686434013e-10	9.432590889444948e-11	-2.1421218946334268e-10
489.7788193684466	3.3124739217152977e-10	8.704620799708016e-12	2.3247604014730298e-10	9.877135202422684e-11	-2.2377141934759493e-10
478.63009232263903	3.544205832165526e-10	1.725017630868004e-11	2.509942807824024e-10	1.034263024341502e-10	-2.3374410447372236e-10
467.7351412871981	3.791858789772781e-10	2.673804124913388e-11	2.7088524507913047e-10	1.0830063389814763e-10	-2.4414720382999654e-10
457.08818961487515	4.0564987864970863e-10	3.724688642855956e-11	2.922451931229518e-10	1.1340468552675677e-10	-2.549983066943923e-10
446.6835921509635	4.3392614949986937e-10	4.886121444503864e-11	3.151768658020655e-10	1.1874928369780386e-10	-2.6631565135702684e-10
436.5158322401665	4.6413567199416677e-10	6.1671762932072e-11	3.3978990697360095e-10	1.2434576502056577e-10	-2.7811814404152894e-10
426.57951880159345	4.964073127058675e-10	7.577593432862228e-11	3.6620131232360957e-10	1.3020600038225797e-10	-2.9042537799498724e-10
416.86938347033634	5.308783266962544e-10	9.12782538557045e-11	3.9453590656847157e-10	1.363424201277828e-10	-3.032576527127671e-10
407.38027780411386	5.676948911732585e-10	1.0829085748637405e-10	4.249268507471036e-10	1.427680404261548e-10	-3.166359932607296e-10
398.1071705534977	6.07012672338387e-10	1.269340118053016e-10	4.5751618145887764e-10	1.494964908795094e-10	-3.3058216965357604e-10
389.04514499428126	6.489974274485497e-10	1.473366677716602e-10	4.924553840152116e-10	1.5654204343333814e-10	-3.451187162435514e-10
380.189396320562	6.938256442424892e-10	1.6963705052386706e-10	5.299060015932006e-10	1.639196426492886e-10	-3.6026895106933356e-10
371.53522909717356	7.416852200094696e-10	1.939832874942028e-10	5.700402826050854e-10	1.716449374043842e-10	-3.7605699511088263e-10
363.07805477010174	7.927761827186905e-10	2.2053407724508525e-10	6.130418686341266e-10	1.7973431408456392e-10	-3.925077913890413e-10
354.81338923357606	8.473114567699593e-10	2.4945940158187663e-10	6.591065254276782e-10	1.8820493134228123e-10	-4.096471238458015e-10
346.7368504525324	9.055176760855119e-10	2.809412836597599e-10	7.084429195930455e-10	1.9707475649246627e-10	-4.2750163593328567e-10
338.84415613920345	9.676360474228174e-10	3.1517459496478243e-10	7.612734437993945e-10	2.063626036234229e-10	-4.460988488346121e-10
331.1311214825914	1.0339232669636288e-9	3.5236791422658014e-10	8.17835093459416e-10	2.1608817350421288e-10	-4.654671792328358e-10
323.59365692962876	1.1046524934216804e-9	3.927444415115714e-10	8.78380398049257e-10	2.262720953724234e-10	-4.856359565376856e-10
316.22776601683853	1.1801143811029647e-9	4.365429709388703e-10	9.431784104112291e-10	2.3693597069173563e-10	-5.066354394723588e-10
309.0295432513592	1.2606181765625836e-9	4.840189256759424e-10	1.0125157575911407e-9	2.4810241897144286e-10	-5.284968319151983e-10
301.9951720402019	1.346492882720355e-9	5.354454590918133e-10	1.0866977569749613e-9	2.5979512574539377e-10	-5.51252297883148e-10
295.120922666639	1.4380884945343047e-9	5.911146261868562e-10	1.1660496017219923e-9	2.720388928123125e-10	-5.749349755351362e-10
288.4031503126611	1.5357773105727254e-9	6.513386296631202e-10	1.250917619729161e-9	2.848596908435644e-10	-5.995789900660407e-10
281.8382931264455	1.6399553251023042e-9	7.164511452861794e-10	1.3416706106303232e-9	2.9828471447198093e-10	-6.252194653441438e-10
275.4228703338169	1.751043705542253e-9	7.868087314058218e-10	1.4387012655714043e-9	3.123424399708485e-10	-6.518925341655825e-10
269.15348039269196	1.8694903604983745e-9	8.627923279111056e-10	1.542427674837032e-9	3.270626856613421e-10	-6.796353469259267e-10
263.0267991895387	1.9957716038868958e-9	9.448088501492308e-10	1.6532949287287305e-9	3.424766751581651e-10	-7.084860785794997e-10
257.03957827688646	2.130393920890318e-9	1.0332928836108823e-9	1.7717768172906257e-9	3.586171035996923e-10	-7.384839336797435e-10
251.18864315095823	2.27389584200809e-9	1.1287084856941142e-9	1.8983776350095417e-9	3.755182069985484e-10	-7.696691493154272e-10
245.47089156850336	2.4268499316953324e-9	1.2315511010987476e-9	2.033634096834267e-9	3.932158348610656e-10	-8.020829957355193e-10
239.88329190194898	2.5898648985405245e-9	1.3423495978669555e-9	2.178117372311829e-9	4.1174752622869536e-10	-8.357677744448738e-10
234.4228815319923	2.763587834362247e-9	1.461668431520485e-9	2.3324352450588614e-9	4.3115258930338567e-10	-8.707668135383764e-10
229.08676527677747	2.948706589992064e-9	1.5901099451385663e-9	2.497234405166425e-9	4.5147218482563897e-10	-9.071244600278591e-10
223.87211385683423	3.1459522960586926e-9	1.7283168137745003e-9	2.6732028826768303e-9	4.727494133818624e-10	-9.4488606890233e-10
218.77616239495518	3.3561020375035147e-9	1.8769746420313045e-9	2.861072630677055e-9	4.950294068264597e-10	-9.840979886457507e-10
213.79620895022325	3.5799816911616968e-9	2.0368147242266916e-9	3.0616222671489996e-9	5.183594240126976e-10	-1.0248075429223078e-9
208.9296130854041	3.818468936244336e-9	2.208616977086975e-9	3.2756799852094283e-9	5.427889510349076e-10	-1.0670630081224532e-9
204.17379446695318	4.072496448194369e-9	2.3932130555526835e-9	3.5041266419990816e-9	5.683698061952876e-10	-1.1109135864463979e-9
199.5262314968883	4.343055286978106e-9	2.5914896628759526e-9	3.7478990370608256e-9	5.9515624991728e-10	-1.1564093741848732e-9
194.98445997580495	4.6311984915839665e-9	2.8043920669063164e-9	4.007993391744723e-9	6.232050998392432e-10	-1.203601324838407e-9
190.54607179632524	4.938044893161822e-9	3.0329278351303663e-9	4.285469041829268e-9	6.525758513325545e-10	-1.2525412066989012e-9
186.20871366628694	5.264783160020689e-9	3.2781708018237057e-9	4.5814523563217585e-9	6.833308036989305e-10	-1.303281554498053e-9
181.97008586099864	5.6126760884727895e-9	3.5412652814496148e-9	4.897140896157042e-9	7.155351923157474e-10	-1.3558756147074273e-9
177.82794100389265	5.983065154369234e-9	3.8234305433054566e-9	5.233807827360357e-9	7.49257327008877e-10	-1.4103772840549e-9
173.780082874938	6.37737534103832e-9	4.1259655632888995e-9	5.592806604090991e-9	7.845687369473291e-10	-1.4668410408020913e-9
169.8243652461746	6.797120260313385e-9	4.450254069641529e-9	5.975575937947603e-9	8.215443223657833e-10	-1.5253218683060736e-9
165.9586907437563	7.2439075843027065e-9	4.7977699004984016e-9	6.383645070864396e-9	8.602625134383111e-10	-1.5858751703659936e-9
162.18100973589333	7.71944480663426e-9	5.170082692160408e-9	6.818639369994974e-9	9.008054366392864e-10	-1.6485566778345663e-9
158.48931924611173	8.225545353025905e-9	5.568863918131319e-9	7.282286264081448e-9	9.432590889444561e-10	-1.7134223459501295e-9
154.88166189124826	8.764135062189336e-9	5.995893300124807e-9	7.776421541947083e-9	9.877135202422527e-10	-1.780528241822277e-9
151.35612484362102	9.337259059392259e-9	6.453065613570392e-9	8.302996035050738e-9	1.0342630243415196e-9	-1.8499304214803467e-9
147.91083881682104	9.947089046262903e-9	6.9423979114128166e-9	8.864082707281387e-9	1.0830063389815171e-9	-1.92168479586857e-9
144.5439770745928	1.0595931031886662e-8	7.46603719147039e-9	9.46188417661912e-9	1.1340468552675422e-9	-1.9958469851487296e-9
141.25375446227554	1.1286233531692845e-8	8.026268534072704e-9	1.0098740694714839e-8	1.187492836978006e-9	-2.072472160642135e-9
138.03842646028866	1.2020596262246207e-8	8.625523738318417e-9	1.077713861204053e-8	1.2434576502056787e-9	-2.151614873722113e-9
134.89628825916563	1.2801779361691843e-8	9.266390486933139e-9	1.1499719357869243e-8	1.3020600038225997e-9	-2.2333288709361057e-9
131.82567385564076	1.363271316740006e-8	9.951622071510426e-9	1.2269288966122133e-8	1.363424201277926e-9	-2.317666894611707e-9
128.82495516931348	1.4516508584199852e-8	1.0684147711762332e-8	1.3088828179938263e-8	1.4276804042615883e-9	-2.4046804681759318e-9
125.89254117941688	1.5456468078581814e-8	1.146708350440295e-8	1.3961503169786611e-8	1.4949649087952019e-9	-2.4944196653836627e-9
123.02687708123835	1.6456097336378462e-8	1.2303744039417474e-8	1.4890676902044745e-8	1.5654204343337194e-9	-2.5869328626272698e-9
120.22644346174133	1.751911762354942e-8	1.3197654723589753e-8	1.587992119705628e-8	1.6391964264931402e-9	-2.6822664734665265e-9
117.48975549395303	1.8649478892164508e-8	1.4152564853628043e-8	1.6933029518120544e-8	1.7164493740439629e-9	-2.7804646644925004e-9
114.81536214968841	1.9851373676036414e-8	1.5172461483588517e-8	1.8054030535190873e-8	1.7973431408455418e-9	-2.8815690516023577e-9
112.2018454301963	2.1129251823148707e-8	1.62615841339875e-8	1.9247202509725957e-8	1.8820493134227507e-9	-2.985618375738456e-9
109.64781961431852	2.248783611478051e-8	1.7424440392749457e-8	2.0517088549855884e-8	1.9707475649246276e-9	-3.0926481571064272e-9
107.15193052376071	2.3932138824102323e-8	1.8665822461006998e-8	2.1868512787867966e-8	2.063626036234359e-9	-3.2026903268609644e-9
104.71285480509006	2.5467479270139033e-8	1.999082469988829e-8	2.3306597535097046e-8	2.160881735041986e-9	-3.315772835208756e-9
102.32929922807536	2.7099502426328783e-8	2.140486223775565e-8	2.4836781472604686e-8	2.2627209537240996e-9	-3.431919234849031e-9
100.	2.8834198646156595e-8	2.2913690700604115e-8	2.646483893923882e-8	2.3693597069177765e-9	-3.551148238634703e-9
97.72372209558111	3.067792457222103e-8	2.4523427132200642e-8	2.8196900382506135e-8	2.4810241897148903e-9	-3.673473250305494e-9
95.49925860214368	3.2637425298702274e-8	2.6240572174150284e-8	3.003947404124675e-8	2.59795125745552e-9	-3.79890186709647e-9
93.32543007969925	3.4719857861475534e-8	2.8072033580341238e-8	3.199946893334931e-8	2.7203889281262224e-9	-3.9274353530080704e-9
91.20108393559114	3.6932816134116125e-8	3.0025151144212545e-8	3.4084219225673456e-8	2.848596908442664e-9	-4.059068081460911e-9
89.12509381337478	3.928435721281252e-8	3.2107723122052716e-8	3.630151006809267e-8	2.9828471447198508e-9	-4.1937869460399565e-9
87.09635899560814	4.178302937778898e-8	3.4328034240106126e-8	3.865960497808056e-8	3.123424399708422e-9	-4.331570737974431e-9
85.11380382023776	4.443790172384033e-8	3.6694885378255697e-8	4.116727486722696e-8	3.2706268566133675e-9	-4.472389488971268e-9
83.17637711026725	4.725859555798699e-8	3.921762502844462e-8	4.383382880640523e-8	3.4247667515817614e-9	-4.616203777960606e-9
81.28305161641012	5.0255317667600354e-8	4.1906182631322524e-8	4.666914663160341e-8	3.586171035996945e-9	-4.7629640002808835e-9
79.43282347242823	5.343889556835728e-8	4.477110390059984e-8	4.96837134983719e-8	3.755182069985377e-9	-4.91260959777206e-9
77.62471166286927	5.682081484752073e-8	4.7823588250715154e-8	5.288865649891001e-8	3.9321583486107105e-9	-5.06506824819486e-9
75.85775750291852	6.041325872427055e-8	5.1075528449628893e-8	5.629578346198386e-8	4.117475262286683e-9	-5.220255012354973e-9
74.13102413009193	6.422914995604929e-8	5.453955262578093e-8	5.991762406301523e-8	4.311525893034049e-9	-5.378071437234304e-9
72.44359600749907	6.828219522640944e-8	5.822906876475376e-8	6.376747337815278e-8	4.5147218482566615e-9	-5.538404613399009e-9
70.79457843841388	7.258693215809841e-8	6.215831183941413e-8	6.785943802428005e-8	4.727494133818358e-9	-5.7011261848659165e-9
69.18309709189377	7.715877910214156e-8	6.634239372430392e-8	7.220848503387694e-8	4.950294068264626e-9	-5.8660913095730245e-9
67.60829753919818	8.201408786273653e-8	7.07973560540953e-8	7.683049362260947e-8	5.1835942401270675e-9	-6.033137568514172e-9
66.06934480075964	8.717019952586352e-8	7.554022619398112e-8	8.174231001551438e-8	5.427889510349137e-9	-6.20208382153326e-9
64.56542290346562	9.26455035688173e-8	8.058907649916927e-8	8.696180550686518e-8	5.6836980619521125e-9	-6.3727290076959195e-9
63.09573444801943	9.845950043747083e-8	8.596308705020638e-8	9.250793793829854e-8	5.951562499172293e-9	-6.54485088809216e-9
61.65950018614822	1.0463286778780597e-7	9.168261206059336e-8	9.840081678941373e-8	6.232050998392233e-9	-6.718204728820379e-9
60.25595860743581	1.1118753059884292e-7	9.776925016369497e-8	1.046617720855172e-7	6.52575851332573e-9	-6.89252192182222e-9
58.88436553555896	1.1814673537503113e-7	1.042459187968786e-7	1.1131342733804233e-7	6.8333080369887985e-9	-7.067508541163728e-9
57.54399373371579	1.255351286674595e-7	1.1113693291207768e-7	1.1837977674430207e-7	7.155351923157458e-9	-7.242843832224383e-9
56.23413251903491	1.333788401553035e-7	1.1846808825401994e-7	1.258862668852148e-7	7.492573270088723e-9	-7.418178631194853e-9
54.954087385762485	1.4170557054113593e-7	1.262667494595384e-7	1.3385988317166307e-7	7.845687369472866e-9	-7.593133712124663e-9
53.70317963702532	1.5054468452737353e-7	1.3456194324501753e-7	1.423292413037159e-7	8.215443223657644e-9	-7.767298058698369e-9
52.48074602497723	1.5992730915378747e-7	1.4338445696164884e-7	1.5132468401940373e-7	8.602625134383743e-9	-7.940227057754898e-9
51.28613839913648	1.6988643779124517e-7	1.527669428134007e-7	1.608783834248523e-7	9.00805436639288e-9	-8.111440611451605e-9
50.11872336272725	1.804570401006652e-7	1.627440280463914e-7	1.7102444921122037e-7	9.432590889444847e-9	-8.280421164828956e-9
48.97788193684467	1.9167617828270726e-7	1.7335243143487876e-7	1.8179904308028472e-7	9.877135202422554e-9	-8.446611645405954e-9
47.8630092322638	2.0358312995852207e-7	1.8463108640385684e-7	1.9324049971510713e-7	1.0342630243414937e-8	-8.609413311250297e-9
46.77351412871982	2.1621951804015202e-7	1.966212711465143e-7	2.0538945465033733e-7	1.0830063389814692e-8	-8.768183503823034e-9
45.708818961487516	2.2962944796520654e-7	2.0936674611079713e-7	2.1828897941253033e-7	1.1340468552676218e-8	-8.922233301733194e-9
44.668359215096345	2.4385965269001085e-7	2.229138992489048e-7	2.3198472432023004e-7	1.1874928369780784e-8	-9.070825071325252e-9
43.651583224016655	2.5895964585363824e-7	2.373118994417235e-7	2.4652506935158207e-7	1.2434576502056187e-8	-9.213169909858571e-9
42.657951880159345	2.7498188354497236e-7	2.5261285852993047e-7	2.6196128350674693e-7	1.3020600038225407e-8	-9.348424976816469e-9
41.68693834703363	2.9198193512591746e-7	2.6887200240445866e-7	2.783476931131379e-7	1.3634242012779551e-8	-9.47569070867928e-9
40.7380277804113	3.1001866358587293e-7	2.8614785163100804e-7	2.957418595432573e-7	1.4276804042615653e-8	-9.594007912249235e-9
39.81071705534978	3.291544159230021e-7	3.045024121036642e-7	3.1420476683505074e-7	1.494964908795137e-8	-9.70235473138655e-9
38.90451449942813	3.494552240737592e-7	3.240013762486422e-7	3.338010197304207e-7	1.565420434333852e-8	-9.799643481778517e-9
38.0189396320562	3.7099101693411396e-7	3.447143353211314e-7	3.5459905266918304e-7	1.6391964264930923e-8	-9.884717348051626e-9
37.15352290971728	3.938358440425123e-7	3.667150033647655e-7	3.766713503020724e-7	1.71644937404399e-8	-9.95634693730693e-9
36.30780547701018	4.18068111519951e-7	3.900814534286722e-7	4.000946801115001e-7	1.7973431408450894e-8	-1.0013226682827892e-8
35.481338923357605	4.4377083089104166e-7	4.148963666654459e-7	4.2495033775681357e-7	1.88204931342281e-8	-1.0053971091367683e-8
34.67368504525324	4.710318814372874e-7	4.412472949607859e-7	4.5132440578804026e-7	1.9707475649247136e-8	-1.0077110827254331e-8
33.884415613920275	4.999442867637028e-7	4.6922693777546325e-7	4.793080264013587e-7	2.063626036234405e-8	-1.0081088625895545e-8
33.11311214825914	5.306065062921602e-7	4.989334339124787e-7	5.089976889417381e-7	2.1608817350422053e-8	-1.0064255029259465e-8
32.359365692962875	5.631227424243855e-7	5.304706689518742e-7	5.404955328871427e-7	2.2627209537242838e-8	-1.0024863935268473e-8
31.622776601683793	5.97603264154252e-7	5.639485991323306e-7	5.739096670850747e-7	2.3693597069177304e-8	-9.961067952744066e-9
30.90295432513592	6.341647479414514e-7	5.994835924911991e-7	6.093545060443013e-7	2.4810241897150146e-8	-9.870913553102269e-9
30.199517204020193	6.729306366959772e-7	6.371987881118693e-7	6.469511241214234e-7	2.597951257455384e-8	-9.75233600955409e-9
29.512092266663903	7.140315177624065e-7	6.772244743670362e-7	6.868276284811425e-7	2.7203889281263965e-8	-9.603154114106362e-9
28.84031503126606	7.576055208292507e-7	7.196984870826631e-7	7.29119551744823e-7	2.848596908442769e-8	-9.421064662159962e-9
28.18382931264455	8.037987367339392e-7	7.64766628592767e-7	7.739702652867388e-7	2.982847144720044e-8	-9.203636693971821e-9
27.54228703338169	8.527656581735404e-7	8.125831086946749e-7	8.215314141764594e-7	3.123424399708094e-8	-8.948305481784495e-9
26.915348039269194	9.046696433808702e-7	8.633110085640197e-7	8.719633748147377e-7	3.270626856613245e-8	-8.652366250717962e-9
26.302679918953814	9.596834038662084e-7	9.17122768729212e-7	9.254357363503884e-7	3.424766751581998e-8	-8.312967621176366e-9
25.703957827688647	1.0179895173821948e-6	9.742007022626792e-7	9.821278070222275e-7	3.58617103599674e-8	-7.92710475954819e-9
25.11886431509582	1.079780967313551e-6	1.0347375343900343e-6	1.0422291466136944e-6	3.755182069985668e-8	-7.491612223660076e-9
24.547089156850287	1.1452617097509269e-6	1.09893696977616e-6	1.1059401262648206e-6	3.932158348610635e-8	-7.003156488660557e-9
23.988329190194897	1.2146472695652183e-6	1.1670142888042213e-6	1.1734725169423465e-6	4.117475262287201e-8	-6.458228138125064e-9
23.44228815319923	1.2881653668520003e-6	1.2391969742169177e-6	1.2450501079216596e-6	4.31152589303406e-8	-5.853133704742012e-9
22.908676527677745	1.3660565751839428e-6	1.3157253695575257e-6	1.3209093567013784e-6	4.5147218482564415e-8	-5.183987143852632e-9
22.38721138568338	1.4485750131697705e-6	1.3968533709090124e-6	1.4013000718315813e-6	4.727494133818913e-8	-4.4467009225689735e-9
21.877616239495516	1.5359890708835769e-6	1.4828491534948347e-6	1.4864861302009287e-6	4.9502940682648155e-8	-3.6369767060939973e-9
21.379620895022324	1.6285821728032575e-6	1.573995934779801e-6	1.57674623040199e-6	5.183594240126737e-8	-2.7502956221891693e-9
20.892961308540407	1.7266535789676505e-6	1.6705927757805278e-6	1.6723746838641606e-6	5.4278895103489846e-8	-1.7819080836328365e-9
20.417379446695318	1.8305192261384966e-6	1.7729554223712938e-6	1.7736822455189715e-6	5.6836980619524995e-8	-7.268231476778488e-10
19.95262314968883	1.9405126108352915e-6	1.8814171884532649e-6	1.8809969858435705e-6	5.9515624991721244e-8	4.202026096945186e-10
19.498445997580493	2.0569857161959346e-6	1.996329882939763e-6	1.9946652062120123e-6	6.232050998392251e-8	1.664676727751079e-9
19.054607179632484	2.18030998470321e-6	2.118064782597569e-6	2.115052399569951e-6	6.525758513325872e-8	3.012383027617708e-9
18.620871366628695	2.3108773389098683e-6	2.2470136528768657e-6	2.2425442585399754e-6	6.833308036989289e-8	4.4693943368901875e-9
18.197008586099862	2.4491012523933645e-6	2.383589818960801e-6	2.377547733161788e-6	7.155351923157662e-8	6.0420857990129416e-9
17.782794100389264	2.59541787327344e-6	2.5282292893678364e-6	2.5204921405725482e-6	7.492573270089192e-8	7.737148795288094e-9
17.378008287493763	2.750287202726262e-6	2.6813919345404867e-6	2.671830329031529e-6	7.845687369473313e-8	9.561605508957891e-9
16.98243652461746	2.9141943310533197e-6	2.843562722978706e-6	2.83203989881674e-6	8.215443223657969e-8	1.1522824161966212e-8
16.59586907437563	3.087650733962745e-6	3.015253017575538e-6	3.001624482618911e-6	8.602625134383392e-8	1.3628534956626966e-8
16.218100973589333	3.2711956318615143e-6	3.1970019349535483e-6	3.181115088197584e-6	9.008054366393004e-8	1.588684675596437e-8
15.848931924611144	3.4653974150698043e-6	3.389377770713319e-6	3.3710715061753587e-6	9.432590889444599e-8	1.8306264537960534e-8
15.488166189124827	3.670855138013036e-6	3.5929794936496533e-6	3.572083785988813e-6	9.877135202422257e-8	2.0895707660839965e-8
15.135612484362102	3.888200085586651e-6	3.8084383121306132e-6	3.7847737831524948e-6	1.0342630243415629e-7	2.3664528978118313e-8
14.791083881682072	4.118097415029195e-6	4.036419315975011e-6	4.009796781131047e-6	1.0830063389814725e-7	2.662253484396374e-8
14.454397707459279	4.361247876808232e-6	4.2776231973330564e-6	4.247843191281506e-6	1.1340468552672671e-7	2.9780006051550493e-8
14.125375446227554	4.618389618168603e-6	4.532788054219843e-6	4.4996403344708e-6	1.1874928369780319e-7	3.3147719749043795e-8
13.803842646028865	4.890300073179317e-6	4.802691280538066e-6	4.765954308158753e-6	1.2434576502056452e-7	3.673697237931326e-8
13.489628825916533	5.17779794327704e-6	5.088151546588071e-6	5.047591942894776e-6	1.302060003822637e-7	4.055960369329454e-8
13.182567385564074	5.481745272509852e-6	5.390030874269221e-6	5.3454028523820596e-6	1.3634242012779298e-7	4.462802188716147e-8
12.88249551693135	5.803049621858258e-6	5.709236811349661e-6	5.660281581432103e-6	1.427680404261557e-7	4.89552299175587e-8
12.589254117941687	6.142666347235359e-6	6.046724709406624e-6	5.993169856355841e-6	1.494964908795174e-7	5.355485305078262e-8
12.30268770812381	6.501600985971366e-6	6.403500110242771e-6	6.3450589425379845e-6	1.5654204343338067e-7	5.844116770478669e-8
12.02264434617413	6.880911756814575e-6	6.780621245810808e-6	6.716992114165254e-6	1.6391964264932148e-7	6.362913164555406e-8
11.748975549395302	7.281712178719289e-6	7.179201656917102e-6	7.110067241314891e-6	1.7164493740439802e-7	6.913441560221079e-8
11.481536214968816	7.705173813932167e-6	7.600412936216285e-6	7.525439499847619e-6	1.7973431408454655e-7	7.497343636866618e-8
11.22018454301963	8.152529141157166e-6	8.045487601276928e-6	7.964324209814874e-6	1.882049313422919e-7	8.11633914620535e-8
10.964781961431852	8.625074564836e-6	8.515722103755773e-6	8.427999808343533e-6	1.9707475649246572e-7	8.772229541223919e-8
10.715193052376069	9.124173566875991e-6	9.012479981012483e-6	8.91781096325257e-6	2.0636260362342284e-7	9.466901775991531e-8
10.471285480508984	9.65126000744616e-6	9.537195156786207e-6	9.43517183394196e-6	2.1608817350420088e-7	1.0202332284424715e-7
10.232929922807536	0.000010207841581788698	0.000010091375397881331	9.981569486416267e-6	2.2627209537243086e-7	1.0980591146506444e-7
10.	0.000010795503440280902	0.000010676605934097706	0.000010558567469589134	2.3693597069176778e-7	1.1803846450857251e-7
9.77237220955811	0.000011415911979384038	0.000011294553249042416	0.000011167809560412524	2.481024189715146e-7	1.2674368862989342e-7
9.549925860214369	0.000012070818811401646	0.000011946969049745408	0.0000118110236856561	2.597951257455465e-7	1.359453640893063e-7
9.332543007969925	0.000012762064921406762	0.000012635694423439343	0.00001249002602859413	2.7203889281263107e-7	1.456683948452121e-7
9.120108393559114	0.000013491585020042086	0.000013362664190207589	0.00001320672532919781	2.848596908442756e-7	1.5593886100977905e-7
8.912509381337477	0.00001426141210132544	0.00001412991146063317	0.000013963127386853444	2.9828471447199603e-7	1.6678407377972418e-7
8.709635899560796	0.00001507368221504266	0.000014939572408031178	0.000014761339775071819	3.1234243997084075e-7	1.782326329593585e-7
8.51138038202376	0.000015930639463678984	0.00001579389126521584	0.00001560357677801767	3.270626856613144e-7	1.9031448719817266e-7
8.317637711026709	0.000016834641234447327	0.0000166952255563611	0.000016492164559289136	3.4247667515819313e-7	2.0306099707196306e-7
8.128305161640995	0.000017788163677272273	0.000017646051574813878	0.000017429546573672588	3.586171035996851e-7	2.1650500114128906e-7
7.943282347242822	0.000018793807440317794	0.000018648970118448154	0.000018418289233319213	3.7551820699858135e-7	2.306808851289393e-7
7.762471166286927	0.000019854303674980195	0.00001970671249448172	0.000019461087840119116	3.932158348610781e-7	2.456246543626028e-7
7.585775750291851	0.000020972520322969794	0.00002082214680637952	0.00002056077279674111	4.117475262286846e-7	2.6137400963841e-7
7.4131024130091925	0.000022151468698624432	0.000021998284535986998	0.000021720316109321037	4.3115258930339716e-7	2.7796842666596044e-7
7.244359600749921	0.000023394310380237245	0.00002323828743467573	0.00002294283819541157	4.514721848256742e-7	2.954492392641603e-7
7.079457843841403	0.00002470436442480737	0.00002454547473791105	0.0000242316150114255	4.7274941338187086e-7	3.1385972648554945e-7
6.918309709189362	0.000026085114921284452	0.00002592333071831192	0.00002559008551445798	4.950294068264711e-7	3.3324520385393903e-7
6.760829753919819	0.00002754021889813291	0.000027375512593030215	0.000027021859474120225	5.183594240126876e-7	3.536531189099894e-7
6.606934480075965	0.000029073514601710993	0.000028905858801943773	0.000028530725650676063	5.427889510349304e-7	3.751331512677093e-7
6.456542290346563	0.0000306890301627439	0.00003051839767394352	0.000030120660356548597	5.683698061953017e-7	3.9773731739491775e-7
6.309573444801943	0.00003239099266902153	0.00003221735649944503	0.00003179583641910433	5.951562499171982e-7	4.215200803406933e-7
6.165950018614835	0.0000341838376632469	0.000034007171028050725	0.000033560632563407664	6.232050998392319e-7	4.465384646430571e-7
6.025595860743593	0.000036072219085810105	0.00003589249541113854	0.00003541964323447752	6.525758513325825e-7	4.728521766610171e-7
5.888436553555907	0.00003806101968330331	0.00003787821261019152	0.00003737768887960437	6.833308036989317e-7	5.005237305871496e-7
5.75439937337159	0.000040155361904416074	0.00003996944529250932	0.000039439826712100354	7.155351923157186e-7	5.29618580408962e-7
5.623413251903514	0.00004236061930596616	0.00004217156723705547	0.00004161136197895731	7.492573270088427e-7	5.602052580981535e-7
5.495408738576248	0.00004468242849282712	0.000044490215274203245	0.00004389785975587974	7.845687369473799e-7	5.923555183234988e-7
5.370317963702533	0.00004712670161661685	0.000046931301784243627	0.0000463051572942511	8.215443223657502e-7	6.261444899925242e-7
5.248074602497733	0.00004969963945927274	0.00004950102778078178	0.00004883937694583442	8.602625134383182e-7	6.616508349473567e-7
5.128613839913658	0.00005240774512865384	0.000052205896606161344	0.00005150693969201455	9.008054366392952e-7	6.989569141467952e-7
5.011872336272735	0.000055257838394845874	0.000055052728267594946	0.000054314579305901415	9.432590889444597e-7	7.381489616935275e-7
4.897788193684477	0.000058257070696954626	0.0000580486744437839	0.00005726935717671233	9.877135202422936e-7	7.793172670715715e-7
4.7863009232264	0.00006141294085169557	0.00006120123419333741	0.00006037867782735409	1.0342630243414836e-6	8.225563659833112e-7
4.677351412872	0.00006473331149662421	0.00006451827039783351	0.0000636503051576427	1.0830063389815172e-6	8.679652401908222e-7
4.570881896148771	0.00006822642630210394	0.00006800802697362169	0.00006709237944683643	1.1340468552675107e-6	9.156475267852635e-7
4.466835921509653	0.00007190092798816636	0.00007167914688851886	0.00007071343515118834	1.1874928369780085e-6	9.65711737330514e-7
4.3651583224016655	0.00007576587718368791	0.00007554069102082575	0.00007452241953348228	1.2434576502056187e-6	1.0182714873434669e-6
4.265795188015934	0.00007983077216739595	0.00007960215790017488	0.00007852871216357336	1.3020600038226073e-6	1.0734457366015281e-6
4.1686938347033635	0.00008410556953186337	0.00008387350437136964	0.00008274214533058547	1.3634242012779021e-6	1.131359040784169e-6
4.073802778041139	0.00008860070581376981	0.00008836516722449396	0.00008717302540950817	1.4276804042616404e-6	1.1921418149857925e-6
3.9810717055349856	0.00009332712013563818	0.00009308808583649957	0.00009183215522684297	1.494964908795203e-6	1.255930609656599e-6
3.890451449942805	0.00009829627790650163	0.0000980537258717269	0.00009673085747216795	1.5654204343336758e-6	1.3228683995589584e-6
3.801893963205613	0.00010352019563112415	0.00010327410409098327	0.00010188099920463104	1.6391964264931094e-6	1.3931048863522285e-6
3.715352290971728	0.00010901146687976165	0.00010876181432116417	0.00010729501750571772	1.7164493740439336e-6	1.4667968154464514e-6
3.6307805477010175	0.00011478328947304405	0.00011453005463999975	0.0001129859463321985	1.7973431408455474e-6	1.544108307801244e-6
3.5481338923357604	0.00012084949393897426	0.00012059265583292009	0.00011896744462555144	1.8820493134228103e-6	1.6252112073686537e-6
3.4673685045253095	0.0001272245733018741	0.00012696411118187339	0.00012525382573694928	1.970747564924826e-6	1.7102854449240995e-6
3.3884415613920202	0.00013392371426595412	0.0001336596076487677	0.00013186008822971965	2.063626036234478e-6	1.7995194190480735e-6
3.3113112148259076	0.00014096282985905963	0.0001406950585190962	0.00013880194812401758	2.160881735042055e-6	1.8931103950786396e-6
3.2359365692962814	0.00014835859360539443	0.00014808713757454055	0.00014609587265167006	2.2627209537243864e-6	1.9912649228704876e-6
3.1622776601683795	0.0001561284752992536	0.00015585331486658936	0.00015375911559233594	2.369359706917657e-6	2.094199274253405e-6
3.090295432513592	0.0001642907784551063	0.00016401189416650737	0.00016180975426539126	2.48102418971506e-6	2.202139901116128e-6
3.019951720402019	0.00017286467951324228	0.00017258205217087478	0.00017026672825578676	2.5979512574555107e-6	2.315323915088012e-6
2.95120922666639	0.00018187026888349546	0.00018158387954520473	0.00017914987995536888	2.7203889281265763e-6	2.4339995898358627e-6
2.8840315031266117	0.00019132859391404142	0.00019103842389263937	0.0001884799970055987	2.848596908442719e-6	2.558426887040655e-6
2.818382931264461	0.00020126170387590894	0.00020096773473836312	0.00019827885673118895	2.982847144720008e-6	2.6888780071741726e-6
2.754228703338163	0.00021169269705841086	0.00021139491062493844	0.00020856927265870256	3.1234243997083115e-6	2.8256379662358826e-6
2.691534803926914	0.00022264577007509453	0.00022234414841816572	0.00021937514321848132	3.2706268566132096e-6	2.969005199684384e-6
2.6302679918953817	0.00023414626948471942	0.00023384079492797208	0.0002307215027331375	3.424766751581912e-6	3.119292194834569e-6
2.570395782768865	0.00024622074583639515	0.0002459114009534652	0.00024263457480039842	3.586171035996776e-6	3.2768261530668165e-6
2.511886431509582	0.00025889701025346123	0.00025858377786673104	0.00025514182818347554	3.7551820699856784e-6	3.441949683255488e-6
2.4547089156850337	0.0002722041936760142	0.0002718870568552842	0.00026827203532740334	3.9321583486108415e-6	3.615021527880844e-6
2.398832919019495	0.00028617280888773117	0.00028585175094881534	0.00028205533362544435	4.117475262286824e-6	3.796417323371024e-6
2.3442288153199273	0.00030083481545827007	0.0003005098199615215	0.00029652328956523614	4.311525893033924e-6	3.98653039628535e-6
2.2908676527677794	0.00031622368773926617	0.000315894738488032	0.0003117089658910097	4.514721848256483e-6	4.185772597022334e-6
2.238721138568347	0.00033237448605786954	0.0003320415670968838	0.0003276469919240505	4.727494133819063e-6	4.394575172833338e-6
2.1877616239495516	0.0003493239312590865	0.0003489870268727974	0.0003443736371908219	4.9502940682645825e-6	4.613389681975445e-6
2.137962089502232	0.00036711048275493523	0.00036676957746577547	0.00036192688851480843	5.1835942401268196e-6	4.8426889509670585e-6
2.089296130854041	0.0003857744202461691	0.00038542949881276996	0.00038034653073582003	5.427889510349078e-6	5.082968076949958e-6
2.041737944669532	0.0004053579292898223	0.00040500897670517355	0.0003996742312278696	5.683698061952697e-6	5.334745477303928e-6
1.9952623149688828	0.00042590519089426835	0.00042555219238382886	0.00041995362839509636	5.951562499171971e-6	5.598563988732471e-6
1.9498445997580494	0.0004474624753321274	0.00044710541635188726	0.0004412304243337351	6.232050998392312e-6	5.874992018152125e-6
1.9054607179632523	0.00047007824036990683	0.0004697171066044049	0.00046355248185658116	6.5257585133256435e-6	6.164624747823719e-6
1.8620871366628733	0.0004938032341228035	0.0004934380114831037	0.0004869699260858138	6.833308036989661e-6	6.468085397289849e-6
1.8197008586099899	0.0005186906027534873	0.0005183212773751151	0.00051153525083033	7.155351923157404e-6	6.786026544785132e-6
1.77827941003893	0.000544796003242847	0.0005444225614836878	0.0005373034299727574	7.492573270089588e-6	7.119131510930351e-6
1.7378008287493762	0.0005721777214729648	0.0005718001499111304	0.000564332034103492	7.845687369472807e-6	7.468115807638454e-6
1.698243652461746	0.0006008967958713199	0.0006005150813029809	0.0005926813526476621	8.21544322365776e-6	7.83372865531866e-6
1.659586907437563	0.0006310171468812543	0.0006306312763184436	0.0006224145217468705	8.602625134383854e-6	8.216754571573091e-6
1.6218100973589331	0.0006626057125306337	0.0006622156731990233	0.0006535976581642403	9.00805436639328e-6	8.618015034782848e-6
1.5848931924611174	0.0006957325903889899	0.000695338369725643	0.0006862999994995453	9.43259088944447e-6	9.038370226097648e-6
1.548816618912486	0.0007304711862129069	0.0007300727718640068	0.0007205940510104851	9.877135202421743e-6	9.478720853521602e-6
1.5135612484362133	0.0007668983695956188	0.0007664957494141764	0.0007565557393522058	0.000010342630243412926	9.940010061970611e-6
1.4791083881682132	0.0008050946369511908	0.0008046877989947358	0.0007942645735613757	0.000010830063389815098	0.000010423225433360091
1.4454397707459339	0.0008451442821796799	0.0008447332147079343	0.0008338038136270036	0.000011340468552676333	0.000010929401080930713
1.4125375446227613	0.0008871355753743778	0.0008867202668469142	0.0008752606470045977	0.000011874928369779987	0.000011459619842316417
1.3803842646028868	0.0009311609499517223	0.0009307413890256114	0.000918726373449666	0.00001243457650205637	0.000012015015575945433
1.348962882591656	0.0009773171986000382	0.0009768933741274835	0.0009642965985618124	0.000013020600038225676	0.00001259677556567108
1.3182567385564101	0.0010257056784634634	0.001025277579489429	0.0010120714364506842	0.00001363424201277938	0.00001320614303874491
1.2882495516931376	0.0010764325259965048	0.0010760001417563347	0.001062155721953889	0.000014276804042615877	0.000013844419802445837
1.2589254117941713	0.0011296088819450344	0.0011291722018620673	0.001114659232857083	0.000014949649087951221	0.000014512969004984262
1.2302687708123812	0.0011853511269311339	0.0011849101406143114	0.001169696922587797	0.000015654204343336864	0.00001521321802651447
1.2022644346174132	0.0012437811281420731	0.0012433358253835492	0.0012273891638771416	0.000016391964264931445	0.00001594666150640752
1.1748975549395304	0.0013050264976462735	0.0013045768684190199	0.0012878620039058332	0.000017164493740440416	0.000016714864513186766
1.148153621496884	0.0013692208628851897	0.0013687668973406048	0.0013512474314767348	0.000017973431408454708	0.000017519465863869968
1.1220184543019653	0.001436504149913217	0.0014360458383787331	0.0014176836567789898	0.000018820493134227036	0.000018362181599743166
1.0964781961431829	0.0015070228799911295	0.0015065602129678256	0.0014873154043418832	0.000019707475649246135	0.00001924480862594232
1.0715193052376049	0.0015809304801575536	0.001580463448317772	0.0015602942197952105	0.00002063626036234306	0.00002016922852256149
1.0471285480508985	0.0016583876084381988	0.0016579162026231686	0.0016367787910877775	0.000021608817350421266	0.0000211374115353912
1.0232929922807537	0.0017395624943867096	0.0017390867056041738	0.001716935284849466	0.000022627209537243515	0.000022151420754707804
1.	0.0018246312956737966	0.0018241511150956507	0.0018009376986046184	0.000023693597069178158	0.000023213416491032207
