# Data for gold - mf - polystyrene  phi = 0.10  D=15nm
#d (nm) Total(Drude)    Total(Plasma)	sum m>0 m=0(Drude)	m=0(Plasma)


2511.886431509582	-9.939482582983384e-12	-3.192477287280758e-11	8.835164352592458e-14	-1.002783422650931e-11	-3.201312451633351e-11
2454.7089156850334	-1.0394830337749856e-11	-3.340997630120424e-11	1.0560115594992106e-13	-1.0500431493699778e-11	-3.3515577457154165e-11
2398.832919019495	-1.0869504905450953e-11	-3.496259473510721e-11	1.257966784549729e-13	-1.0995301583905926e-11	-3.508839141356218e-11
2344.2288153199224	-1.136412784662162e-11	-3.658548422609535e-11	1.4936633631541332e-13	-1.1513494182937033e-11	-3.6734850562410755e-11
2290.867652767775	-1.1879319438120924e-11	-3.8281602589440416e-11	1.7678900865049778e-13	-1.2056108446771421e-11	-3.845839159809091e-11
2238.721138568342	-1.241569641867273e-11	-4.005401184598113e-11	2.08598914339195e-13	-1.2624295333011924e-11	-4.026261076032032e-11
2187.7616239495565	-1.2973869558911996e-11	-4.190588069853127e-11	2.453904833105343e-13	-1.3219260042222531e-11	-4.21512711818418e-11
2137.9620895022326	-1.355444104766786e-11	-4.384048704366337e-11	2.8782352665187054e-13	-1.3842264574319731e-11	-4.412831057031525e-11
2089.2961308540407	-1.41580016848508e-11	-4.58612205187123e-11	3.3662872059276884e-13	-1.449463040544357e-11	-4.619784923930507e-11
2041.7379446695315	-1.4785127869663768e-11	-4.7971585082585894e-11	3.9261342132273954e-13	-1.5177741290986508e-11	-4.8364198503908634e-11
1995.262314968883	-1.5436378371157502e-11	-5.0175201627674126e-11	4.566678295649427e-13	-1.5893046200722442e-11	-5.063186945723907e-11
1949.8445997580454	-1.611229086604253e-11	-5.247581061845074e-11	5.297715262275318e-13	-1.6642062392270063e-11	-5.300558214467827e-11
1905.4607179632483	-1.6813378226562026e-11	-5.4877274750691886e-11	6.130004028260538e-13	-1.742637862938808e-11	-5.549027515351794e-11
1862.0871366628694	-1.7540124538831573e-11	-5.738358162328242e-11	7.075340131478184e-13	-1.8247658551979394e-11	-5.809111563643024e-11
1819.7008586099826	-1.8292980829438318e-11	-5.999884641242863e-11	8.146633754245166e-13	-1.9107644204862836e-11	-6.081350978785315e-11
1778.2794100389228	-1.907236047554861e-11	-6.272731453602988e-11	9.357992573608913e-13	-2.00081597329095e-11	-6.366311379339076e-11
1737.8008287493763	-1.9878634270750128e-11	-6.557336429343792e-11	1.0724809795416792e-12	-2.0951115250291806e-11	-6.66458452729796e-11
1698.243652461746	-2.0712125116006094e-11	-6.854150946349859e-11	1.2263857760801096e-12	-2.1938510892086205e-11	-6.97678952395787e-11
1659.5869074375596	-2.1573102301917777e-11	-7.163640184111984e-11	1.3993387549102631e-12	-2.297244105682804e-11	-7.30357405960301e-11
1621.8100973589299	-2.2461775345337675e-11	-7.486283368997796e-11	1.5933235036834194e-12	-2.4055098849021095e-11	-7.645615719366137e-11
1584.893192461114	-2.3378287340022582e-11	-7.822574008624329e-11	1.8104933909732246e-12	-2.5188780730995808e-11	-8.003623347721651e-11
1548.8166189124827	-2.432270777753597e-11	-8.173020112523656e-11	2.053183616484167e-12	-2.6375891394020137e-11	-8.378338474172073e-11
1513.5612484362105	-2.529502479114196e-11	-8.538144396014547e-11	2.3239240678286846e-12	-2.7618948858970644e-11	-8.770536802797415e-11
1479.1083881682102	-2.629513677178558e-11	-8.91848446388175e-11	2.6254530455979722e-12	-2.8920589817383553e-11	-9.181029768441547e-11
1445.439770745931	-2.7322843301410368e-11	-9.314592970152153e-11	2.9607319228434848e-12	-3.0283575224253853e-11	-9.610666162436502e-11
1412.5375446227554	-2.837783534498426e-11	-9.727037749929972e-11	3.332960809377299e-12	-3.1710796154361564e-11	-1.0060333830867702e-10
1380.3842646028866	-2.9459684638702314e-11	-1.0156401918931989e-10	3.745595295951641e-12	-3.3205279934653956e-11	-1.0530961448527152e-10
1348.9628825916561	-3.056783220739802e-11	-1.0603283935993032e-10	4.202364358201349e-12	-3.477019656559937e-11	-1.1023520371813168e-10
1318.2567385564103	-3.1701575940079433e-11	-1.1068297623469142e-10	4.7072895051007365e-12	-3.640886544518017e-11	-1.1539026573979215e-10
1288.249551693135	-3.2860057147723676e-11	-1.1552072140060132e-10	5.264705262068873e-12	-3.812476240979255e-11	-1.207854266626702e-10
1258.9254117941687	-3.4042246022827526e-11	-1.2055251900193578e-10	5.8792810841236925e-12	-3.992152710695122e-11	-1.2643180008605948e-10
1230.2687708123838	-3.524692591503267e-11	-1.25784964336624e-10	6.5560448004440925e-12	-4.180297071547676e-11	-1.323410091370681e-10
1202.2644346174154	-3.647267633202193e-11	-1.3122480178784534e-10	7.300407697489689e-12	-4.377308402951162e-11	-1.3852520948533505e-10
1174.8975549395304	-3.7717854568994746e-11	-1.3687892201840664e-10	8.11819135453673e-12	-4.5836045923531475e-11	-1.4499711337294337e-10
1148.153621496884	-3.898057586433493e-11	-1.4275435835064723e-10	9.015656351967144e-12	-4.7996232216302074e-11	-1.5177001470261438e-10
1122.0184543019652	-4.025869197253398e-11	-1.488582822489118e-10	9.999532980037327e-12	-5.0258224952571305e-11	-1.588578152289491e-10
1096.4781961431852	-4.1549768038933824e-11	-1.551979978160126e-10	1.1077054083266502e-11	-5.2626822122200327e-11	-1.662750518992791e-10
1071.519305237607	-4.285105765346915e-11	-1.6178093520862243e-10	1.2255990183883362e-11	-5.510704783735251e-11	-1.7403692539250579e-10
1047.1285480509007	-4.415947595302818e-11	-1.6861464286992e-10	1.3544687036270819e-11	-5.7704162989299e-11	-1.8215932990619083e-10
1023.2929922807556	-4.547157063401816e-11	-1.757067784706589e-10	1.4952105773458764e-11	-6.042367640747692e-11	-1.9065888424411764e-10
1000.	-4.6783490727939946e-11	-1.8306509844207688e-10	1.6487865816519086e-11	-6.327135654445903e-11	-1.9955296425859595e-10
977.2372209558112	-4.8090952983506186e-11	-1.9069744597569455e-10	1.8162290728102423e-11	-6.625324371160861e-11	-2.0885973670379695e-10
954.9925860214369	-4.93892056888608e-11	-1.9861173735612257e-10	1.9986457202539067e-11	-6.937566289139987e-11	-2.1859819455866163e-10
933.2543007969924	-5.067298975734107e-11	-2.06815946483832e-10	2.197224739619927e-11	-7.264523715354035e-11	-2.2878819388003128e-10
912.0108393559096	-5.193649688835285e-11	-2.1531808743403607e-10	2.4132404815047114e-11	-7.606890170339997e-11	-2.394504922490832e-10
891.2509381337459	-5.3173324603469295e-11	-2.2412619488732723e-10	2.6480593989040925e-11	-7.965391859251023e-11	-2.5060678887636814e-10
870.9635899560814	-5.437642794479454e-11	-2.3324830225579595e-10	2.9031464177545165e-11	-8.34078921223397e-11	-2.622797664333411e-10
851.1380382023759	-5.553806760915294e-11	-2.426924173157881e-10	3.1800717364897075e-11	-8.733878497405001e-11	-2.7449313468068513e-10
831.7637711026708	-5.664975427712574e-11	-2.5246649514506557e-10	3.480518082128145e-11	-9.145493509840719e-11	-2.8727167596634703e-10
812.8305161640995	-5.770218888052672e-11	-2.6257840814775255e-10	3.8062884521156046e-11	-9.576507340168277e-11	-3.0064129266890855e-10
794.3282347242822	-5.868519853548148e-11	-2.73035912935043e-10	4.159314372960955e-11	-1.0027834226509103e-10	-3.1462905666465255e-10
776.2471166286912	-5.95876678508486e-11	-2.8384661381329756e-10	4.541664708614908e-11	-1.0500431493699769e-10	-3.2926326089944663e-10
758.5775750291835	-6.039746530285742e-11	-2.950179226133777e-10	4.9555550536203364e-11	-1.0995301583906078e-10	-3.445734731495811e-10
741.3102413009176	-6.110136434773638e-11	-3.0655701457697726e-10	5.403357748163487e-11	-1.1513494182937125e-10	-3.6059059205861213e-10
724.4359600749906	-6.168495892216074e-11	-3.184707799948099e-10	5.88761255455525e-11	-1.2056108446771323e-10	-3.773469055403624e-10
707.9457843841387	-6.213257295976242e-11	-3.3076577127099554e-10	6.411038037035421e-11	-1.2624295333011663e-10	-3.948761516413497e-10
691.8309709189376	-6.242716352798877e-11	-3.434481450649876e-10	6.976543689423456e-11	-1.3219260042222334e-10	-4.1321358195922214e-10
676.0829753919833	-6.255021716426124e-11	-3.5652359913805085e-10	7.587242857893594e-11	-1.384226457431972e-10	-4.323960277169868e-10
660.6934480075964	-6.248163896358425e-11	-3.6999730350552276e-10	8.246466509085677e-11	-1.44946304054441e-10	-4.5246196859637955e-10
645.6542290346563	-6.21996339417864e-11	-3.8387382546890544e-10	8.957777896808088e-11	-1.517774129098673e-10	-4.734516044369863e-10
630.9573444801943	-6.16805801675782e-11	-3.9815704807197236e-10	9.724988183965362e-11	-1.5893046200723184e-10	-4.95406929911626e-10
616.5950018614834	-6.08988931253823e-11	-4.1285008149438715e-10	1.0552173079730629e-10	-1.6642062392268858e-10	-5.183718122916935e-10
602.5595860743581	-5.982688073606413e-11	-4.279551668626313e-10	1.1443690555782558e-10	-1.7426378629388973e-10	-5.423920724204569e-10
588.8436553555896	-5.84345884271901e-11	-4.4347357192301057e-10	1.2404199709258046e-10	-1.8247658551977056e-10	-5.67515569015591e-10
575.4399373371579	-5.668963360591851e-11	-4.5940547798389863e-10	1.3438680844268655e-10	-1.9107644204860503e-10	-5.937922864265852e-10
562.3413251903502	-5.4557028846035555e-11	-4.757498574932049e-10	1.4552456848305503e-10	-2.000815973290906e-10	-6.212744259762599e-10
549.5408738576248	-5.199899305915588e-11	-4.9250434157628e-10	1.575121594437558e-10	-2.0951115250291167e-10	-6.500165010200358e-10
537.0317963702532	-4.897474987243386e-11	-5.096650768120968e-10	1.704103590484134e-10	-2.1938510892084729e-10	-6.800754358605102e-10
524.8074602497734	-4.5440312387233824e-11	-5.272265704781692e-10	1.8428409818104374e-10	-2.297244105682776e-10	-7.11510668659213e-10
512.8613839913648	-4.1348253442029975e-11	-5.45181523443574e-10	1.9920273504818007e-10	-2.4055098849021e-10	-7.44384258491754e-10
501.1872336272725	-3.66474604456167e-11	-5.635206498325326e-10	2.1524034686434013e-10	-2.5188780730995686e-10	-7.787609966968727e-10
489.7788193684466	-3.1282873792901025e-11	-5.822324825271817e-10	2.3247604014730298e-10	-2.6375891394020395e-10	-8.147085226744846e-10
478.63009232263903	-2.519520780728496e-11	-6.013031635097877e-10	2.509942807824024e-10	-2.7618948858968736e-10	-8.522974442921902e-10
467.7351412871981	-1.832065309470311e-11	-6.207162179853391e-10	2.7088524507913047e-10	-2.892058981738336e-10	-8.916014630644696e-10
457.08818961487515	-1.0590559119576743e-11	-6.404523111504893e-10	2.922451931229518e-10	-3.028357522425286e-10	-9.326975042734412e-10
446.6835921509635	-1.931095741554112e-12	-6.604889864026113e-10	3.151768658020655e-10	-3.171079615436196e-10	-9.756658522046768e-10
436.5158322401665	7.737107627047088e-12	-6.808003837030108e-10	3.3978990697360095e-10	-3.3205279934655386e-10	-1.0205902906766118e-9
426.57951880159345	1.849934666761893e-11	-7.013569367231724e-10	3.6620131232360957e-10	-3.477019656559906e-10	-1.067558249046782e-9
416.86938347033634	3.044725211665963e-11	-7.221250473146619e-10	3.9453590656847157e-10	-3.64088654451812e-10	-1.1166609538831335e-9
407.38027780411386	4.367922664917569e-11	-7.430667357466248e-10	4.249268507471036e-10	-3.81247624097928e-10	-1.1679935864937285e-9
398.1071705534977	5.830091038936117e-11	-7.641392650544107e-10	4.5751618145887764e-10	-3.992152710695165e-10	-1.2216554465132884e-9
389.04514499428126	7.442567686042731e-11	-7.852947377345836e-10	4.924553840152116e-10	-4.180297071547843e-10	-1.2777501217497953e-9
380.189396320562	9.21751612980832e-11	-8.064796629068812e-10	5.299060015932006e-10	-4.3773084029511743e-10	-1.3363856645000818e-9
371.53522909717356	1.1167982336975245e-10	-8.276344919436237e-10	5.700402826050854e-10	-4.58360459235333e-10	-1.3976747745487091e-9
363.07805477010174	1.330795464711045e-10	-8.486931204342466e-10	6.130418686341266e-10	-4.79962322163022e-10	-1.4617349890683731e-9
354.81338923357606	1.5652427590197088e-10	-8.695823542203832e-10	6.591065254276782e-10	-5.025822495257073e-10	-1.5286888796480613e-9
346.7368504525324	1.8217469837103968e-10	-8.902213370848288e-10	7.084429195930455e-10	-5.262682212220059e-10	-1.5986642566778744e-9
338.84415613920345	2.1020296542587221e-10	-9.10520937527404e-10	7.612734437993945e-10	-5.510704783735223e-10	-1.6717943813267987e-9
331.1311214825914	2.407934635664513e-10	-9.303830918954403e-10	8.17835093459416e-10	-5.770416298929646e-10	-1.7482181853548562e-9
323.59365692962876	2.74143633974526e-10	-9.49700100957003e-10	8.78380398049257e-10	-6.04236764074731e-10	-1.82808049900626e-9
316.22776601683853	3.104648449667475e-10	-9.68353876825402e-10	9.431784104112291e-10	-6.327135654444816e-10	-1.911532287236631e-9
309.0295432513592	3.4998332047524894e-10	-9.86215136941726e-10	1.0125157575911407e-9	-6.625324371158918e-10	-1.998730894532867e-9
301.9951720402019	3.929411280613721e-10	-1.0031425416161522e-9	1.0866977569749613e-9	-6.937566289135891e-10	-2.0898402985911133e-9
295.120922666639	4.395972301859929e-10	-1.0189817713971024e-9	1.1660496017219923e-9	-7.264523715359995e-10	-2.1850313731190946e-9
288.4031503126611	4.902286026938862e-10	-1.0335645403201576e-9	1.250917619729161e-9	-7.606890170352747e-10	-2.2844821600493186e-9
281.8382931264455	5.451314247052251e-10	-1.046707540801877e-9	1.3416706106303232e-9	-7.965391859250981e-10	-2.3883781514322e-9
275.4228703338169	6.046223443480511e-10	-1.0582113157484905e-9	1.4387012655714043e-9	-8.340789212233532e-10	-2.4969125813198946e-9
269.15348039269196	6.690398250965387e-10	-1.0678590530687484e-9	1.542427674837032e-9	-8.733878497404935e-10	-2.6102867279057807e-9
263.0267991895387	7.387455777446545e-10	-1.0754152975277294e-9	1.6532949287287305e-9	-9.14549350984076e-10	-2.72871022625646e-9
257.03957827688646	8.141260832737977e-10	-1.0806245746338594e-9	1.7717768172906257e-9	-9.57650734016828e-10	-2.8524013919244853e-9
251.18864315095823	8.955942123585882e-10	-1.0832099207578845e-9	1.8983776350095417e-9	-1.0027834226509532e-9	-2.9815875557674257e-9
245.47089156850336	9.835909474642737e-10	-1.082871313462328e-9	2.033634096834267e-9	-1.0500431493699932e-9	-3.1165054102965948e-9
239.88329190194898	1.0785872139212456e-9	-1.0792839955778433e-9	2.178117372311829e-9	-1.0995301583905838e-9	-3.2574013678896725e-9
234.4228815319923	1.181085826765134e-9	-1.0720966861485635e-9	2.3324352450588614e-9	-1.1513494182937275e-9	-3.404531931207425e-9
229.08676527677747	1.291623560489264e-9	-1.0609296709989876e-9	2.497234405166425e-9	-1.2056108446771614e-9	-3.5581640761654132e-9
223.87211385683423	1.4107733493756378e-9	-1.0453727651426058e-9	2.6732028826768303e-9	-1.2624295333011926e-9	-3.718575647819436e-9
218.77616239495518	1.5391466264548012e-9	-1.0249831388565707e-9	2.861072630677055e-9	-1.321926004222254e-9	-3.886055769533626e-9
213.79620895022325	1.6773958097170097e-9	-9.99282998661039e-10	3.0616222671489996e-9	-1.3842264574319897e-9	-4.060905265810038e-9
208.9296130854041	1.8262169446650356e-9	-9.67757113960258e-10	3.2756799852094283e-9	-1.4494630405443928e-9	-4.243437099169687e-9
204.17379446695318	1.9863525129004427e-9	-9.298501794872734e-10	3.5041266419990816e-9	-1.5177741290986387e-9	-4.433976821486355e-9
199.5262314968883	2.1585944169885753e-9	-8.849640031258116e-10	3.7478990370608256e-9	-1.5893046200722505e-9	-4.632863040186637e-9
194.98445997580495	2.3437871525178296e-9	-8.324545079979661e-10	4.007993391744723e-9	-1.6642062392268938e-9	-4.840447899742689e-9
190.54607179632524	2.542831178890336e-9	-7.716285370697485e-10	4.285469041829268e-9	-1.7426378629389316e-9	-5.057097578899016e-9
186.20871366628694	2.7566865011239904e-9	-7.017404477670857e-10	4.5814523563217585e-9	-1.8247658551977683e-9	-5.283192804088844e-9
181.97008586099864	2.986376475670984e-9	-6.219884833551162e-10	4.897140896157042e-9	-1.9107644204860583e-9	-5.5191293795121585e-9
177.82794100389265	3.232991854069439e-9	-5.31510907005366e-10	5.233807827360357e-9	-2.000815973290918e-9	-5.765318734365723e-9
173.780082874938	3.4976950790618465e-9	-4.293818836412281e-10	5.592806604090991e-9	-2.0951115250291444e-9	-6.022188487732219e-9
169.8243652461746	3.781724848739093e-9	-3.146070937120926e-10	5.975575937947603e-9	-2.193851089208508e-9	-6.290183031659694e-9
165.9586907437563	4.08640096518163e-9	-1.861190621152544e-10	6.383645070864396e-9	-2.2972441056827654e-9	-6.56976413297965e-9
162.18100973589333	4.41312948509288e-9	-4.277218444602594e-11	6.818639369994974e-9	-2.4055098849020946e-9	-6.861411554441e-9
158.48931924611173	4.763408190981833e-9	1.1666256832274982e-10	7.282286264081448e-9	-2.518878073099615e-9	-7.165623695758699e-9
154.88166189124826	5.1388324025450495e-9	2.935032867410207e-10	7.776421541947083e-9	-2.637589139402034e-9	-7.482918255206063e-9
151.35612484362102	5.541101149153851e-9	4.891631226421198e-10	8.302996035050738e-9	-2.7618948858968875e-9	-7.813832912408618e-9
147.91083881682104	5.972023725543059e-9	7.051566742501279e-10	8.864082707281387e-9	-2.8920589817383275e-9	-8.158926033031259e-9
144.5439770745928	6.433526654193807e-9	9.431067805357204e-10	9.46188417661912e-9	-3.028357522425313e-9	-8.5187773960834e-9
141.25375446227554	6.927661079278619e-9	1.204751750108858e-9	1.0098740694714839e-8	-3.17107961543622e-9	-8.89398894460598e-9
138.03842646028866	7.456610618575064e-9	1.4919530514937725e-9	1.077713861204053e-8	-3.320527993465465e-9	-9.285185560546757e-9
134.89628825916563	8.022699701309321e-9	1.8067034931992492e-9	1.1499719357869243e-8	-3.4770196565599235e-9	-9.693015864669994e-9
131.82567385564076	8.628402421604107e-9	2.151135923723817e-9	1.2269288966122133e-8	-3.6408865445180275e-9	-1.0118153042398316e-8
128.82495516931348	9.276351938959063e-9	2.527532483404149e-9	1.3088828179938263e-8	-3.8124762409792e-9	-1.0561295696534114e-8
125.89254117941688	9.96935045909149e-9	2.9383344419237537e-9	1.3961503169786611e-8	-3.992152710695122e-9	-1.1023168727862859e-8
123.02687708123835	1.071037983049708e-8	3.3861526573455503e-9	1.4890676902044745e-8	-4.180297071547663e-9	-1.1504524244699193e-8
120.22644346174133	1.1502612794105242e-8	3.873778694554107e-9	1.587992119705628e-8	-4.377308402951037e-9	-1.2006142502502173e-8
117.48975549395303	1.23494249257674e-8	4.4041966433685575e-9	1.6933029518120544e-8	-4.583604592353143e-9	-1.2528832874751987e-8
114.81536214968841	1.3254407313560663e-8	4.980595678835415e-9	1.8054030535190873e-8	-4.79962322163021e-9	-1.3073434856355458e-8
112.2018454301963	1.4221380014468812e-8	5.606383408802311e-9	1.9247202509725957e-8	-5.025822495257143e-9	-1.3640819100923645e-8
109.64781961431852	1.5254406337635812e-8	6.285200056505155e-9	2.0517088549855884e-8	-5.262682212220074e-9	-1.4231888493350729e-8
107.15193052376071	1.6357808004132775e-8	7.020933528655797e-9	2.1868512787867966e-8	-5.51070478373519e-9	-1.4847579259212167e-8
104.71285480509006	1.753618123616703e-8	7.817735422504176e-9	2.3306597535097046e-8	-5.7704162989300155e-9	-1.548886211259287e-8
102.32929922807536	1.8794413831856723e-8	8.680038028543413e-9	2.4836781472604686e-8	-6.042367640747961e-9	-1.615674344406127e-8
100.	2.0137703284792977e-8	9.612572388626846e-9	2.646483893923882e-8	-6.327135654445844e-9	-1.6852266550611974e-8
97.72372209558111	2.1571576011345077e-8	1.062038747299084e-8	2.8196900382506135e-8	-6.625324371161059e-9	-1.7576512909515295e-8
95.49925860214368	2.3101907752106727e-8	1.1708870543118867e-8	3.003947404124675e-8	-6.937566289140027e-9	-1.8330603498127887e-8
93.32543007969925	2.473494521799524e-8	1.2883768771485619e-8	3.199946893334931e-8	-7.2645237153540715e-9	-1.911570016186369e-8
91.20108393559114	2.6477329055333435e-8	1.4151212193031857e-8	3.4084219225673456e-8	-7.606890170340021e-9	-1.9933007032641602e-8
89.12509381337478	2.8336118208841807e-8	1.5517738067802502e-8	3.630151006809267e-8	-7.965391859250866e-9	-2.078377200029017e-8
87.09635899560814	3.031881576584686e-8	1.6990316738550483e-8	3.865960497808056e-8	-8.340789212233698e-9	-2.1669288239530074e-8
85.11380382023776	3.2433396369822013e-8	1.8576379071898008e-8	4.116727486722696e-8	-8.733878497404949e-9	-2.2590895795328958e-8
83.17637711026725	3.4688335296564575e-8	2.0283845576823132e-8	4.383382880640523e-8	-9.145493509840654e-9	-2.3549983229582097e-8
81.28305161641012	3.709263929143523e-8	2.2121157299334678e-8	4.666914663160341e-8	-9.576507340168177e-9	-2.4547989332268733e-8
79.43282347242823	3.965587927186248e-8	2.4097308597957992e-8	4.96837134983719e-8	-1.0027834226509417e-8	-2.5586404900413908e-8
77.62471166286927	4.23882250052102e-8	2.6221881910525055e-8	5.288865649891001e-8	-1.0500431493699814e-8	-2.6666774588384962e-8
75.85775750291852	4.530048187807784e-8	2.8505084628704332e-8	5.629578346198386e-8	-1.0995301583906022e-8	-2.779069883327953e-8
74.13102413009193	4.8404129880078296e-8	3.095778820365455e-8	5.991762406301523e-8	-1.1513494182936935e-8	-2.895983585936068e-8
72.44359600749907	5.171136493138155e-8	3.359156961240226e-8	6.376747337815278e-8	-1.2056108446771222e-8	-3.017590376575051e-8
70.79457843841388	5.523514269126805e-8	3.6418755322459396e-8	6.785943802428005e-8	-1.2624295333011997e-8	-3.144068270182066e-8
69.18309709189377	5.898922499165444e-8	3.945246789889046e-8	7.220848503387694e-8	-1.3219260042222502e-8	-3.275601713498648e-8
67.60829753919818	6.298822904828994e-8	4.270667540672882e-8	7.683049362260947e-8	-1.3842264574319538e-8	-3.412381821588065e-8
66.06934480075964	6.724767961007051e-8	4.619624376936308e-8	8.174231001551438e-8	-1.449463040544387e-8	-3.55460662461513e-8
64.56542290346562	7.178406421587823e-8	4.9936992252424576e-8	8.696180550686518e-8	-1.517774129098695e-8	-3.702481325444061e-8
63.09573444801943	7.661489173757565e-8	5.3945752251899405e-8	9.250793793829854e-8	-1.5893046200722893e-8	-3.856218568639914e-8
61.65950018614822	8.175875439714513e-8	5.824042957449567e-8	9.840081678941373e-8	-1.6642062392268605e-8	-4.0160387214918065e-8
60.25595860743581	8.723539345612795e-8	6.284007040842924e-8	1.046617720855172e-7	-1.7426378629389236e-8	-4.1821701677087945e-8
58.88436553555896	9.306576878606367e-8	6.776493119328185e-8	1.1131342733804233e-7	-1.8247658551978644e-8	-4.354849614476047e-8
57.54399373371579	9.927213253944129e-8	7.303655260835967e-8	1.1837977674430207e-7	-1.9107644204860762e-8	-4.534322413594239e-8
56.23413251903491	1.0587810715230558e-7	7.867783791055891e-8	1.258862668852148e-7	-2.0008159732909204e-8	-4.7208428974655884e-8
54.954087385762485	1.1290876792137106e-7	8.471313586441789e-8	1.3385988317166307e-7	-2.0951115250292003e-8	-4.914674730724517e-8
53.70317963702532	1.2039073041163078e-7	9.116832852010606e-8	1.423292413037159e-7	-2.19385108920851e-8	-5.1160912783609836e-8
52.48074602497723	1.2835224296257654e-7	9.807092410720149e-8	1.5132468401940373e-7	-2.2972441056827196e-8	-5.3253759912202234e-8
51.28613839913648	1.368232845758313e-7	1.0545015532673416e-7	1.608783834248523e-7	-2.405509884902099e-8	-5.542822809811814e-8
50.11872336272725	1.458356684802241e-7	1.1333708333714851e-7	1.7102444921122037e-7	-2.5188780730996263e-8	-5.7687365874071847e-8
48.97788193684467	1.5542315168626474e-7	1.217647077457423e-7	1.8179904308028472e-7	-2.6375891394019983e-8	-6.003433533454243e-8
47.8630092322638	1.6562155085613822e-7	1.307680829312262e-7	1.9324049971510713e-7	-2.7618948858968916e-8	-6.247241678388096e-8
46.77351412871982	1.764688648329529e-7	1.4038444104063795e-7	2.0538945465033733e-7	-2.8920589817384434e-8	-6.500501360969941e-8
45.708818961487516	1.8800540418827743e-7	1.5065332201908894e-7	2.1828897941253033e-7	-3.02835752242529e-8	-6.763565739344139e-8
44.668359215096345	2.0027392816586826e-7	1.6161671104965473e-7	2.3198472432023004e-7	-3.171079615436179e-8	-7.036801327057531e-8
43.651583224016655	2.1331978941692625e-7	1.7331918379811157e-7	2.4652506935158207e-7	-3.320527993465581e-8	-7.320588555347049e-8
42.657951880159345	2.2719108694114723e-7	1.8580805987608498e-7	2.6196128350674693e-7	-3.477019656559969e-8	-7.615322363066195e-8
41.68693834703363	2.419388276679582e-7	1.9913356495631478e-7	2.783476931131379e-7	-3.640886544517971e-8	-7.921412815682317e-8
40.7380277804113	2.5761709713346487e-7	2.1334900199478007e-7	2.957418595432573e-7	-3.812476240979238e-8	-8.239285754847718e-8
39.81071705534978	2.742832397280993e-7	2.285109320338887e-7	3.1420476683505074e-7	-3.992152710695141e-8	-8.569383480116204e-8
38.90451449942813	2.919980490149437e-7	2.446793650858835e-7	3.338010197304207e-7	-4.180297071547698e-8	-8.912165464453719e-8
38.0189396320562	3.108259686396724e-7	2.619179616165542e-7	3.5459905266918304e-7	-4.377308402951058e-8	-9.268109105262882e-8
37.15352290971728	3.308353043785403e-7	2.8029424517478273e-7	3.766713503020724e-7	-4.5836045923532105e-8	-9.63771051272897e-8
36.30780547701018	3.520984478951932e-7	2.9987982673779435e-7	4.000946801115001e-7	-4.7996232216306906e-8	-1.0021485337370569e-7
35.481338923357605	3.7469211280424086e-7	3.2075064136911896e-7	4.2495033775681357e-7	-5.025822495257274e-8	-1.0419969638769462e-7
34.67368504525324	3.986975836658405e-7	3.429871978125369e-7	4.5132440578804026e-7	-5.262682212219974e-8	-1.0833720797550332e-7
33.884415613920275	4.2420097856400615e-7	3.6667484167377646e-7	4.793080264013587e-7	-5.5107047837352635e-8	-1.1263318472758232e-7
33.11311214825914	4.51293525952439e-7	3.919040328727327e-7	5.089976889417381e-7	-5.770416298929915e-8	-1.1709365606900548e-7
32.359365692962875	4.800718564796654e-7	4.1877063807698494e-7	5.404955328871427e-7	-6.042367640747727e-8	-1.2172489481015768e-7
31.622776601683793	5.106383105406159e-7	4.4737623886277795e-7	5.739096670850747e-7	-6.327135654445873e-8	-1.2653342822229665e-7
30.90295432513592	5.431012623326913e-7	4.778284563804252e-7	6.093545060443013e-7	-6.625324371161005e-8	-1.3152604966387613e-7
30.199517204020193	5.775754612300228e-7	5.10241293336851e-7	6.469511241214234e-7	-6.937566289140058e-8	-1.3670983078457245e-7
29.512092266663903	6.141823913276021e-7	5.447354941459005e-7	6.868276284811425e-7	-7.264523715354043e-8	-1.42092134335242e-7
28.84031503126606	6.530506500414226e-7	5.81438924131554e-7	7.29119551744823e-7	-7.606890170340038e-8	-1.4768062761326904e-7
28.18382931264455	6.94316346694231e-7	6.204869687125677e-7	7.739702652867388e-7	-7.965391859250778e-8	-1.5348329657417114e-7
27.54228703338169	7.381235220541187e-7	6.620229535348239e-7	8.215314141764594e-7	-8.340789212234068e-8	-1.5950846064163548e-7
26.915348039269194	7.84624589840687e-7	7.06198586565056e-7	8.719633748147377e-7	-8.733878497405075e-8	-1.6576478824968184e-7
26.302679918953814	8.339808012519826e-7	7.531744231981902e-7	9.254357363503884e-7	-9.14549350984058e-8	-1.7226131315219825e-7
25.703957827688647	8.863627336205437e-7	8.031203554856454e-7	9.821278070222275e-7	-9.576507340168384e-8	-1.7900745153658206e-7
25.11886431509582	9.419508043486031e-7	8.562161266337001e-7	1.0422291466136944e-6	-1.0027834226509129e-7	-1.8601301997999433e-7
24.547089156850287	1.0009358113278215e-6	9.126518719763265e-7	1.1059401262648206e-6	-1.0500431493699906e-7	-1.9328825428849415e-7
23.988329190194897	1.0635195011032914e-6	9.72628687681348e-7	1.1734725169423465e-6	-1.0995301583905511e-7	-2.008438292609984e-7
23.44228815319923	1.1299151660922897e-6	1.0363592284995206e-6	1.2450501079216596e-6	-1.1513494182937006e-7	-2.0869087942213902e-7
22.908676527677745	1.2003482722336637e-6	1.1040683359315035e-6	1.3209093567013784e-6	-1.2056108446771474e-7	-2.1684102076987486e-7
22.38721138568338	1.2750571185014653e-6	1.1759936982455835e-6	1.4013000718315813e-6	-1.2624295333011618e-7	-2.2530637358599785e-7
21.877616239495516	1.3542935297787062e-6	1.2523865438411637e-6	1.4864861302009287e-6	-1.321926004222226e-7	-2.3409958635976495e-7
21.379620895022324	1.4383235846587914e-6	1.3335123695248471e-6	1.57674623040199e-6	-1.384226457431988e-7	-2.43233860877143e-7
20.892961308540407	1.5274283798097215e-6	1.4196517053334692e-6	1.6723746838641606e-6	-1.4494630405443912e-7	-2.527229785306914e-7
20.417379446695318	1.6219048326091027e-6	1.5111009176114113e-6	1.7736822455189715e-6	-1.5177741290986885e-7	-2.6258132790756013e-7
19.95262314968883	1.7220665238363409e-6	1.608173052127981e-6	1.8809969858435705e-6	-1.5893046200722952e-7	-2.7282393371558953e-7
19.498445997580493	1.828244582289322e-6	1.7111987191014715e-6	1.9946652062120123e-6	-1.6642062392269018e-7	-2.8346648711054055e-7
19.054607179632484	1.9407886132760605e-6	1.8205270220798625e-6	2.115052399569951e-6	-1.7426378629389078e-7	-2.9452537749008875e-7
18.620871366628695	2.060067673020198e-6	1.936526532716529e-6	2.2425442585399754e-6	-1.8247658551977738e-7	-3.060177258234464e-7
18.197008586099862	2.1864712911131813e-6	2.0595863135732765e-6	2.377547733161788e-6	-1.9107644204860667e-7	-3.1796141958851133e-7
17.782794100389264	2.3204105432434577e-6	2.190116991180621e-6	2.5204921405725482e-6	-2.0008159732909072e-7	-3.3037514939192744e-7
17.378008287493763	2.462319176528613e-6	2.3285518816808267e-6	2.671830329031529e-6	-2.0951115250291578e-7	-3.432784473507022e-7
16.98243652461746	2.612654789895892e-6	2.4753481714988585e-6	2.83203989881674e-6	-2.193851089208478e-7	-3.566917273178812e-7
16.59586907437563	2.771900072050633e-6	2.6309881555803847e-6	3.001624482618911e-6	-2.2972441056827817e-7	-3.706363270385264e-7
16.218100973589333	2.9405640997073786e-6	2.7959805358713816e-6	3.181115088197584e-6	-2.4055098849020534e-7	-3.8513455232620266e-7
15.848931924611144	3.1191836988654e-6	2.970861782820949e-6	3.3710715061753587e-6	-2.518878073099586e-7	-4.002097233544095e-7
15.488166189124827	3.3083248720486076e-6	3.156197562826952e-6	3.572083785988813e-6	-2.6375891394020594e-7	-4.15886223161861e-7
15.135612484362102	3.508584294562811e-6	3.3525842346775396e-6	3.7847737831524948e-6	-2.761894885896837e-7	-4.3218954847495515e-7
14.791083881682072	3.720590882957208e-6	3.560650418175221e-6	4.009796781131047e-6	-2.8920589817383925e-7	-4.491463629558263e-7
14.454397707459279	3.945007439038944e-6	3.7810586382923324e-6	4.247843191281506e-6	-3.0283575224256205e-7	-4.6678455298917333e-7
14.125375446227554	4.1825323729271795e-6	4.014507048344351e-6	4.4996403344708e-6	-3.171079615436204e-7	-4.851332861264488e-7
13.803842646028865	4.433901508812198e-6	4.261731235846723e-6	4.765954308158753e-6	-3.320527993465552e-7	-5.042230723120296e-7
13.489628825916533	4.699889977238782e-6	4.523506114874301e-6	5.047591942894776e-6	-3.477019656559945e-7	-5.240858280204755e-7
13.182567385564074	4.981314197930258e-6	4.800647908940254e-6	5.3454028523820596e-6	-3.640886544518015e-7	-5.447549434418055e-7
12.88249551693135	5.279033957334181e-6	5.094016228575298e-6	5.660281581432103e-6	-3.81247624097922e-7	-5.662653528568045e-7
12.589254117941687	5.593954585286328e-6	5.404516248004316e-6	5.993169856355841e-6	-3.992152710695129e-7	-5.886536083515253e-7
12.30268770812381	5.927029235383223e-6	5.733100985510765e-6	6.3450589425379845e-6	-4.180297071547623e-7	-6.119579570272194e-7
12.02264434617413	6.279261273870159e-6	6.080773692296155e-6	6.716992114165254e-6	-4.37730840295094e-7	-6.362184218690986e-7
11.748975549395302	6.651706782079574e-6	6.4485903548697545e-6	7.110067241314891e-6	-4.5836045923531693e-7	-6.614768864451361e-7
11.481536214968816	7.045477177684588e-6	6.8376623162336564e-6	7.525439499847619e-6	-4.799623221630313e-7	-6.877771836139628e-7
11.22018454301963	7.461741960289173e-6	7.249159021385153e-6	7.964324209814874e-6	-5.025822495257022e-7	-7.151651884297219e-7
10.964781961431852	7.901731587121528e-6	7.684310892903303e-6	8.427999808343533e-6	-5.26268221222006e-7	-7.436889154402317e-7
10.715193052376069	8.366740484879032e-6	8.144412342668569e-6	8.91781096325257e-6	-5.510704783735362e-7	-7.733986205840005e-7
10.471285480508984	8.858130204048961e-6	8.630824926040163e-6	9.43517183394196e-6	-5.770416298929993e-7	-8.043469079017964e-7
10.232929922807536	9.377332722341498e-6	9.144980645128055e-6	9.981569486416267e-6	-6.042367640747689e-7	-8.365888412882123e-7
10.	9.925853904144532e-6	9.688385408069802e-6	0.000010558567469589134	-6.327135654446013e-7	-8.701820615193318e-7
9.77237220955811	0.000010505277123296436	0.000010262622651608724	0.000011167809560412524	-6.625324371160866e-7	-9.051869088037992e-7
9.549925860214369	0.000011117267056742089	0.000010869357134539497	0.0000118110236856561	-6.937566289140121e-7	-9.416665511166035e-7
9.332543007969925	0.000011763573657058726	0.000011510338910007985	0.00001249002602859413	-7.264523715354043e-7	-9.79687118586145e-7
9.120108393559114	0.000012446036312163816	0.00001218740748497846	0.00001320672532919781	-7.606890170339941e-7	-1.0193178442193507e-6
8.912509381337477	0.000013166588200928362	0.000012902496175591868	0.000013963127386853444	-7.965391859250824e-7	-1.060631211261577e-6
8.709635899560796	0.000013927260853848435	0.000013657636667568856	0.000014761339775071819	-8.340789212233834e-7	-1.1037031075029642e-6
8.51138038202376	0.000014730188928277156	0.0000144549637911602	0.00001560357677801767	-8.733878497405129e-7	-1.1486129868574694e-6
8.317637711026709	0.000015577615208305082	0.000015296720520733237	0.000016492164559289136	-9.145493509840535e-7	-1.195444038555897e-6
8.128305161640995	0.000016471895839655748	0.000016185263209361758	0.000017429546573672588	-9.576507340168428e-7	-1.244283364310831e-6
7.943282347242822	0.000017415505810668284	0.000017123067069491988	0.000018418289233319213	-1.0027834226509276e-6	-1.2952221638272259e-6
7.762471166286927	0.00001841104469074916	0.00001811273191106701	0.000019461087840119116	-1.0500431493699576e-6	-1.3483559290521067e-6
7.585775750291851	0.000019461242638350522	0.000019156988149168384	0.00002056077279674111	-1.0995301583905895e-6	-1.4037846475727246e-6
7.4131024130091925	0.000020568966691027326	0.000020258703093727006	0.000021720316109321037	-1.1513494182937104e-6	-1.4616130155940316e-6
7.244359600749921	0.000021737227350734456	0.000021420887534465614	0.00002294283819541157	-1.2056108446771146e-6	-1.5219506609459568e-6
7.079457843841403	0.00002296918547812433	0.0000226467026348342	0.0000242316150114255	-1.2624295333011683e-6	-1.5849123765913034e-6
6.918309709189362	0.00002426815951023571	0.00002393946714932886	0.00002559008551445798	-1.3219260042222702e-6	-1.6506183651291195e-6
6.760829753919819	0.000025637633016688243	0.00002530266497931027	0.000027021859474120225	-1.3842264574319817e-6	-1.7191944948099534e-6
6.606934480075965	0.000027081262610131717	0.00002673995308307087	0.000028530725650676063	-1.4494630405443455e-6	-1.7907725676051946e-6
6.456542290346563	0.000028602886227449958	0.00002825516975665106	0.000030120660356548597	-1.5177741290986418e-6	-1.8654905998975378e-6
6.309573444801943	0.00003020653179903204	0.00002985234330271834	0.00003179583641910433	-1.5893046200722928e-6	-1.943493116385994e-6
6.165950018614835	0.00003189642632418077	0.00003153570110557946	0.000033560632563407664	-1.6642062392268947e-6	-2.024931457828206e-6
6.025595860743593	0.0000336770053715386	0.00003330967913120651	0.00003541964323447752	-1.742637862938921e-6	-2.109964103271014e-6
5.888436553555907	0.00003555292302440661	0.000035178931872153255	0.00003737768887960437	-1.8247658551977614e-6	-2.198757007451119e-6
5.75439937337159	0.00003752906229161428	0.00003714834275801973	0.000039439826712100354	-1.9107644204860738e-6	-2.2914839540806198e-6
5.623413251903514	0.00003961054600566637	0.00003922303505319233	0.00004161136197895731	-2.000815973290943e-6	-2.3883269257649858e-6
5.495408738576248	0.00004180274823085062	0.000041408383264543346	0.00004389785975587974	-2.0951115250291217e-6	-2.489476491336399e-6
5.370317963702533	0.00004411130620504257	0.000043710025082826786	0.0000463051572942511	-2.193851089208533e-6	-2.5951322114243114e-6
5.248074602497733	0.00004654213284015165	0.00004613387388271581	0.00004883937694583442	-2.297244105682766e-6	-2.7055030631186053e-6
5.128613839913658	0.00004910142980711242	0.00004868613180738501	0.00005150693969201455	-2.405509884902124e-6	-2.8208078846295365e-6
5.011872336272735	0.00005179570123280181	0.00005137330346501943	0.000054314579305901415	-2.5188780730996103e-6	-2.9412758408819897e-6
4.897788193684477	0.000054631768037310345	0.00005420221026567962	0.00005726935717671233	-2.637589139401986e-6	-3.067146911032715e-6
4.7863009232264	0.000057616782941457196	0.00005718000542841136	0.00006037867782735409	-2.761894885896895e-6	-3.198672398942731e-6
4.677351412872	0.00006075824617590432	0.000060314189689956944	0.0000636503051576427	-2.89205898173838e-6	-3.336115467685753e-6
4.570881896148771	0.00006406402192441107	0.0000636126277476097	0.00006709237944683643	-3.028357522425355e-6	-3.479751699226729e-6
4.466835921509653	0.00006754235553575216	0.00006708356547073424	0.00007071343515118834	-3.171079615436177e-6	-3.6298696804541057e-6
4.3651583224016655	0.00007120189154001676	0.00007073564791667201	0.00007452241953348228	-3.3205279934655234e-6	-3.7867716168102864e-6
4.265795188015934	0.00007505169250701344	0.00007457793818875565	0.00007852871216357336	-3.477019656559913e-6	-3.950773974817699e-6
4.1686938347033635	0.00007910125878606742	0.00007861993717572003	0.00008274214533058547	-3.640886544518053e-6	-4.122208154865434e-6
4.073802778041139	0.00008336054916852897	0.00008287160421382891	0.00008717302540950817	-3.812476240979203e-6	-4.301421195679261e-6
3.9810717055349856	0.0000878400025161479	0.00008734337871487217	0.00009183215522684297	-3.992152710695065e-6	-4.488776511970804e-6
3.890451449942805	0.00009255056040062036	0.00009204620280534045	0.00009673085747216795	-4.1802970715475955e-6	-4.684654666827493e-6
3.801893963205613	0.00009750369080167997	0.00009699154502414949	0.00010188099920463104	-4.377308402951063e-6	-4.889454180481551e-6
3.715352290971728	0.00010271141291336456	0.00010219142512854514	0.00010729501750571772	-4.583604592353153e-6	-5.103592377172566e-6
3.6307805477010175	0.00010818632311056829	0.00010765844006030032	0.0001129859463321985	-4.799623221630218e-6	-5.327506271898185e-6
3.5481338923357604	0.0001139416221302943	0.00011340579112661797	0.00011896744462555144	-5.025822495257144e-6	-5.561653498933478e-6
3.4673685045253095	0.0001199911435247294	0.0001194473124528618	0.00012525382573694928	-5.262682212219889e-6	-5.806513284087478e-6
3.3884415613920202	0.0001263493834459844	0.00012579750076696043	0.00013186008822971965	-5.510704783735231e-6	-6.06258746275922e-6
3.3113112148259076	0.00013303153182508764	0.00013247154657806975	0.00013880194812401758	-5.770416298929928e-6	-6.330401545947831e-6
3.2359365692962814	0.0001400535050109223	0.00013948536681518701	0.00014609587265167006	-6.04236764074776e-6	-6.610505836483045e-6
3.1622776601683795	0.00014743197993789003	0.00014685563899449725	0.00015375911559233594	-6.327135654445909e-6	-6.903476597838693e-6
3.090295432513592	0.0001551844298942302	0.00015459983698738308	0.00016180975426539126	-6.62532437116105e-6	-7.209917278008184e-6
3.019951720402019	0.0001633291619666467	0.0001627362684647482	0.00017026672825578676	-6.937566289140053e-6	-7.53045979103855e-6
2.95120922666639	0.00017188535624001496	0.00017128411409642963	0.00017914987995536888	-7.26452371535392e-6	-7.865765858939242e-6
2.8840315031266117	0.00018087310683525883	0.00018026346858878592	0.0001884799970055987	-7.60689017033988e-6	-8.216528416812787e-6
2.818382931264461	0.00019031346487193834	0.00018969538364700444	0.00019827885673118895	-7.965391859250603e-6	-8.583473084184488e-6
2.754228703338163	0.00020022848344646872	0.00019960191295304646	0.00020856927265870256	-8.340789212233842e-6	-8.967359705656092e-6
2.691534803926914	0.0002106412647210761	0.00021000615925433769	0.00021937514321848132	-8.733878497405212e-6	-9.368983964143632e-6
2.6302679918953817	0.00022157600922329684	0.0002209323236630089	0.0002307215027331375	-9.145493509840666e-6	-9.789179070128604e-6
2.570395782768865	0.00023305806746023005	0.0002324057572698975	0.00024263457480039842	-9.576507340168358e-6	-0.000010228817530500891
2.511886431509582	0.00024511399395696625	0.0002444530151827339	0.00025514182818347554	-0.000010027834226509308	-0.000010688813000741632
2.4547089156850337	0.00025777160383370375	0.0002571019131030202	0.00026827203532740334	-0.00001050043149369959	-0.000011170122224383156
2.398832919019495	0.0002710600320415385	0.0002703815865615944	0.00028205533362544435	-0.00001099530158390584	-0.000011673747063849894
2.3442288153199273	0.0002850097953822993	0.00028432255293824336	0.00029652328956523614	-0.000011513494182936842	-0.000012200736626992775
2.2908676527677794	0.00029965285744423836	0.0002989567763971811	0.0003117089658910097	-0.000012056108446771355	-0.000012752189493828588
2.238721138568347	0.00031502269659103885	0.0003143177358758495	0.0003276469919240505	-0.000012624295333011662	-0.000013329256048201002
2.1877616239495516	0.0003311543771485994	0.0003304404962715069	0.0003443736371908219	-0.00001321926004222251	-0.000013933140919315002
2.137962089502232	0.00034808462394048865	0.00034736178297648917	0.00036192688851480843	-0.000013842264574319786	-0.000014565105538319258
2.089296130854041	0.0003658519003303762	0.0003651200599204598	0.00038034653073582003	-0.000014494630405443778	-0.000015226470815360193
2.041737944669532	0.0003844964899368829	0.00038375561128508153	0.0003996742312278696	-0.00001517774129098671	-0.00001591861994278809
1.9952623149688828	0.00040406058219437325	0.00040331062706464135	0.00041995362839509636	-0.00001589304620072314	-0.000016643001330455023
1.9498445997580494	0.0004245883619414663	0.0004238292926543994	0.0004412304243337351	-0.000016642062392268795	-0.000017401131679335762
1.9054607179632523	0.0004461261032271921	0.0004453578826565884	0.00046355248185658116	-0.000017426378629389074	-0.000018194599199992754
1.8620871366628733	0.0004687222675338365	0.0004679448591031129	0.0004869699260858138	-0.00001824765855197733	-0.000019025066982700902
1.8197008586099899	0.0004924276066254695	0.0004916409743039351	0.00051153525083033	-0.000019107644204860516	-0.00001989427652639489
1.77827941003893	0.0005172952702398488	0.0005164993785388437	0.0005373034299727574	-0.00002000815973290856	-0.000020804051433913636
1.7378008287493762	0.0005433809188531998	0.0005425757328221067	0.000564332034103492	-0.000020951115250292182	-0.000021756301281385277
1.698243652461746	0.0005707428417555773	0.0005699283269777099	0.0005926813526476621	-0.00002193851089208482	-0.000022753025669952252
1.659586907437563	0.0005994420806900433	0.0005986182032784224	0.0006224145217468705	-0.000022972441056827128	-0.000023796318468448102
1.6218100973589331	0.0006295425593152203	0.0006287092859082382	0.0006535976581642403	-0.000024055098849020053	-0.000024888372256002122
1.5848931924611174	0.0006611112187685505	0.0006602685165255342	0.0006862999994995453	-0.00002518878073099491	-0.000026031482974011145
1.548816618912486	0.0006942181596164637	0.0006933659962131411	0.0007205940510104851	-0.000026375891394021344	-0.000027228054797344035
1.5135612484362133	0.0007289367904932343	0.0007280751341171085	0.0007565557393522058	-0.000027618948858971543	-0.000028480605235097288
1.4791083881682132	0.0007653439837439923	0.0007644728030896338	0.0007942645735613757	-0.0000289205898173834	-0.000029791770471741918
1.4454397707459339	0.0008035202384027515	0.0008026395026670069	0.0008338038136270036	-0.000030283575224252146	-0.00003116431095999666
1.4125375446227613	0.0008435498508502357	0.0008426595297273654	0.0008752606470045977	-0.000031710796154361994	-0.00003260111727723223
1.3803842646028868	0.0008855210935150106	0.0008846211571917562	0.000918726373449666	-0.00003320527993465541	-0.000034105216257909854
1.348962882591656	0.0009295264019962123	0.000928616821146802	0.0009642965985618124	-0.000034770196565600135	-0.00003567977741501047
1.3182567385564101	0.0009756625710055042	0.0009747433167865982	0.0010120714364506842	-0.00003640886544517983	-0.00003732811966408594
1.2882495516931376	0.001024030959544096	0.001023102003589681	0.001062155721953889	-0.000038124762409792765	-0.00003905371836420799
1.2589254117941713	0.001074737705750132	0.0010737990201663637	0.001114659232857083	-0.00003992152710695106	-0.000040860212690719385
1.2302687708123812	0.0011278939518723202	0.0011269455092323263	0.001169696922587797	-0.00004180297071547697	-0.00004275141335547082
1.2022644346174132	0.0011836160798476309	0.0011826578531862711	0.0012273891638771416	-0.00004377308402951079	-0.000044731310690870555
1.1748975549395304	0.0012420259579823017	0.0012410579207908948	0.0012878620039058332	-0.000045836045923531463	-0.000046804083114938313
1.148153621496884	0.0013032511992604318	0.0013022733254814513	0.0013512474314767348	-0.0000479962322163032	-0.000048974105995283645
1.1220184543019653	0.001367425431826419	0.001366437695848163	0.0014176836567789898	-0.0000502582249525709	-0.000051245960930826814
1.0964781961431829	0.0014346885822196823	0.0014336909588709224	0.0014873154043418832	-0.000052626822122201066	-0.000053624445470960996
1.0715193052376049	0.001505187171957857	0.0015041796365024643	0.0015602942197952105	-0.00005510704783735357	-0.00005611458329274642
1.0471285480508985	0.0015790746280984788	0.0015780571562300386	0.0016367787910877775	-0.000057704162989298716	-0.00005872163485773896
1.0232929922807537	0.0016565116084419891	0.001655484176278407	0.001716935284849466	-0.00006042367640747694	-0.00006145110857105901
1.	0.0017376663420601594	0.0017366289261382545	0.0018009376986046184	-0.0000632713565444589	-0.00006430877246636394
